996935
976930
680803
287001
152558
970724
873197
277949
629532
449287
473915
630115
621645
121453
826496
751844
562066
874093
97313
868838
179917
57266
487488
325068
54360
204467
684855
682368
565829
817418
433697
15062
907264
538484
550738
225565
787217
893924
32166
892423
49406
150660
476343
526258
849293
185417
55848
735122
515495
448945
330974
302909
56344
297116
527567
416979
121459
905412
361778
139016
221203
989275
87574
456400
710652
177792
171215
880486
933663
753373
326922
688120
623036
930591
653698
482738
131810
557395
949387
325541
953298
703898
430476
582036
637122
511112
250250
551003
744445
9119
171423
132605
308071
313379
547913
429896
137055
275290
841118
231207
581757
900770
505502
37188
125690
836526
653793
984855
708271
419167
866991
807312
930422
618811
61102
953309
991469
998412
363894
728280
189849
578263
355969
236689
106150
379064
608382
437363
825036
859031
134724
901973
621390
272969
401443
774559
385565
154245
271383
759703
549849
833408
96854
9479
193335
365672
32712
818381
918781
15546
302871
802943
593450
523265
461276
670072
73524
328300
397624
807300
849641
371914
26052
789092
403063
925860
945248
551038
567367
12727
674728
671460
263235
646412
282629
860991
329913
618998
446495
923031
367447
43240
532080
72642
858134
2480
738164
682984
731380
998228
768125
965038
217177
284295
42530
153607
195675
47880
877271
969363
54493
913560
64216
390194
875794
596758
823936
389674
855263
968056
774646
177393
367071
240232
423814
490263
955840
225401
42894
169426
235978
75140
660175
788776
461184
286883
255203
280947
250655
325769
27790
179668
24451
344957
217452
412471
597097
110129
24778
710718
458959
845699
745617
136076
209016
669327
670813
787697
891788
923951
815149
534957
830619
419984
437490
571299
205314
910770
880010
442459
181542
44667
847558
996276
302750
58681
400999
182500
913133
12659
84520
622573
933484
173482
31477
461791
911431
710449
624505
508228
687262
292198
973461
372395
952139
85196
165228
714772
212931
727750
68443
5685
48021
605874
87302
186471
877328
529696
619534
466992
722306
381358
65694
61549
813146
621506
159077
16156
808687
180514
816606
467332
508313
45107
920842
72833
897277
503052
343296
384048
18087
363318
825626
911923
140944
328002
498769
280609
109694
144135
231651
183373
287755
731319
475440
680177
948925
388317
870501
162936
647316
738422
856847
736549
231267
527465
337041
368483
430998
652771
647473
991145
526866
286163
797644
655369
53562
600383
397290
390678
122957
988226
550252
710640
133356
19874
889186
898734
440953
759058
190969
985894
355420
767937
997713
539419
801311
229276
728173
588804
20089
79015
125828
638261
651048
214131
571828
276717
486455
934333
213206
779131
984671
398243
162412
457357
919562
274948
867831
433366
23282
20146
880614
268123
449384
774614
108008
23323
413425
645665
279330
881177
590475
438187
821181
777479
395789
943850
166422
243856
658796
203151
773977
723586
935770
78720
233832
43095
648456
687534
73780
846431
773581
832084
626415
484107
917855
293323
797080
525144
68157
896075
301045
399573
360751
248962
430623
25235
561381
182346
327543
412457
682237
845387
189623
197217
996064
79789
147235
187971
332300
295671
974813
122491
275116
377033
101656
422441
873826
564530
947877
327302
335271
589871
142249
137646
134026
203329
874736
997262
899028
933162
401050
873642
926669
354947
468851
975819
164887
179261
445473
215620
154807
67122
648694
233824
587316
931815
765541
886698