143255
714837
869618
938801
870638
270099
377054
358456
843979
929914
873017
264874
886024
394683
873361
299258
724075
853750
604857
501476
650404
563606
541089
318487
832883
670408
758528
718910
781990
966038
179181
692074
59584
75684
529165
405790
846966
529861
436583
767478
144979
338363
117076
38516
520955
848841
683602
279336
490444
795831
653623
811836
355296
325218
679362
26713
322671
260349
685261
489466
320274
170856
387743
287819
89570
803115
159326
126717
247935
712655
899233
100777
298924
744537
2531
28062
693720
565860
76628
891209
222328
653594
154058
893312
188303
300558
162134
681003
444303
99641
639921
449423
115993
622544
50324
994040
923361
479486
282854
351555
991661
978371
958096
812805
905276
846504
147373
539740
361603
436830
38173
586256
165842
278195
136121
776612
212438
545520
47264
481855
784631
429393
967984
743090
276322
81569
540177
427686
394977
871346
825899
641571
631461
975798
614519
578943
480742
376062
92467
240673
297121
547660
95983
503345
496192
536278
827077
65310
878104
950426
479334
116427
282124
20888
280462
891095
31310
6705
401945
783367
311686
405338
908528
171474
769995
687165
618652
54537
890318
96428
749371
736802
658262
494850
780175
503008
944613
664664
319859
142816
732666
669473
229610
934017
643952
369635
95376
521841
722628
126098
465650
852817
797620
873291
211897
404036
434306
554346
593345
95065
989655
402632
23752
798674
634949
389140
55233
709201
72101
437709
238024
910174
896415
964377
192177
773719
132744
650437
878585
7285
928742
83482
195678
815286
867662
559256
827402
166445
186286
635474
919722
499362
671527
357605
807198
519079
750034
419670
276169
333176
382692
78471
753607
861902
242988
753110
741566
735104
857273
822483
872974
548630
279064
548507
493346
272172
613690
210197
395048
870208
808501
821193
420573
501400
156321
880024
79233
504082
458531
687772
18218
488586
665286
368093
568885
790753
895237
605548
661015
797296
432805
364640
490513
68234
19007
983978
185410
987174
522971
912279
462166
910769
529208
786979
903516
497711
170281
982324
475830
708490
597593
19514
947050
739641
76911
531680
316437
346894
876492
960559
154238
603100
210801
258880
845512
682242
551422
262748
547906
34201
925270
196338
745817
79862
371806
135923
305773
359836
433187
931534
288256
173889
69339
145987
627915
222267
36291
289702
955819
160583
979176
339059
656760
222326
878274
152968
818038
430389
859770
941507
515941
938231
604813
277880
680947
575809
788744
375695
345874
113233
484723
689209
993827
894764
374410
764237
826257
432899
375206
333059
39483
401025
435963
680395
181705
145588
462970
58699
971104
455701
973079
482356
798000
420150
24613
362751
741418
673735
576477
857034
195215
586756
787581
725129
413220
201663
411085
998634
681858
106629
169340
251081
909898
767920
775593
223757
850677
610121
969855
491037
252745
670295
632760
33155
807015
487368
199298
472859
144897
510075
722046
193591
721962
944936
234661
881171
105350
657965
543365
324655
537952
795702
506794
530383
929434
17287
932184
545611
155327
770537
776243
11987
166325
772975
615681
672003
528654
259235
762056
697311
265213
814418
112466
676011
205733
838001
900303
935978
552333
22763
32729
278641
29424
922888
321618
973926
994290
985403
571881
593114
207788
619848
76476
117249
307496
622096
775448
275914
10152
40122
32923
120223
10337
435520
44922
552891
591941
238483
195615
572642
582014
727340
706155
629954
727862
247793
165017
125540
630227
499839