523315
659086
440645
676654
912674
780544
42158
684337
409023
249506
317349
894076
766802
833435
782961
739943
356383
329077
259808
633271
2752
927068
259253
457323
950191
888245
425148
176677
145760
797016
520319
127155
391819
246060
922897
382458
41735
260958
204359
893886
161874
801022
477511
83664
385069
736374
12472
808341
728740
896935
584537
543406
714220
433249
931053
514953
713188
789055
846228
127556
178430
965469
547382
940665
411383
274232
252056
177706
587330
120544
776272
426058
988611
421852
423445
689062
221302
528922
74096
427758
748016
247825
73999
944548
976126
633589
185272
818208
542506
880854
571611
134013
373788
65366
213568
491364
900444
937285
258655
462579
844149
506331
448014
488393
608245
394449
555669
116849
168018
557404
436317
141416
307815
155271
188487
475916
615195
388011
686554
422180
864226
635918
844372
427206
567197
49750
109665
189417
811421
608552
716329
874503
173509
202850
904580
449838
268365
824305
316489
868708
871331
640911
53572
405173
982252
603484
983749
365979
579112
1432
369813
407432
545459
805115
566020
817362
189671
891953
467870
79675
867359
396917
842108
689180
321047
497609
45750
556142
560687
880079
469558
76021
960142
961160
873384
401418
242019
1318
638413
385027
795335
358735
634351
916737
68990
84593
468079
675797
415965
702780
377210
356431
162053
843265
671962
763621
317517
795557
589864
46973
455678
162241
49888
139287
999543
198746
293645
46426
259569
505784
211235
210682
934877
450725
923563
627970
961450
585667
79769
925379
104035
997706
303673
909849
187508
982942
733320
501398
573708
717449
483167
645518
847134
869722
268298
181503
917187
526809
148343
802202
627002
582501
82570
300978
306511
934764
235853
790528
406105
202567
619141
166801
333084
208752
591456
744013
710415
581473
207306
163684
74809
914506
45854
769942
864885
62381
922810
24607
88468
269338
643435
747198
826593
577602
240135
918753
237695
668155
53850
567087
625519
619855
811128
231537
314734
699201
687154
844894
206779
285341
675363
464129
670774
399675
54506
764489
148388
721488
411634
143405
829263
129456
304812
570
64971
591972
85470
278074
938771
308899
786581
4290
416145
962993
79990
1433
222908
670161
894131
338176
47452
331560
519129
862371
596969
595184
561221
852442
724945
487765
187703
913628
809113
886128
974526
856257
761819
334237
150099
423729
821165
209339
48194
923246
67234
441407
668675
622268
44010
635381
849831
744169
241813
819477
322926
141372
639860
445758
452917
494270
659488
615697
880204
451935
544916
660845
237350
270599
983989
276098
365098
487483
527795
122452
933286
791783
333575
634702
648931
918542
411228
526272
984211
489867
514122
410551
478567
781506
271357
600952
492605
565737
629108
572696
243191
880877
11302
881659
895591
576130
599551
368167
174950
389962
253959
4804
226884
516513
792548
902194
341977
202243
164790
561415
348282
903642
421664
106724
276423
938600
108071
793971
35426
424846
622002
50751
320250
924151
331505
522863
390597
65252
697371
894624
270220
435668
715023
181214
996576
863823
353116
690303
146282
897295
256092
295325
194848
597900
125691
652974
682452
931299
470037
838658
579494
831458
437245
812248
534362
90354
970459
172828
272516
701985
890157
19201
648160
706444
600814
220535
701054
55397
952915
224905
775898
8935
665202
784534
641930
334355
982142
142378
601488
201573
35437
626745
671375
624920
531002
726263
863003
670675
622854
959255
165801
383471
333978
986334
743077
413477