614321
688599
622913
310510
151287
355011
265919
11041
922637
1770
881500
192788
123042
264161
588925
153535
430494
399126
656689
958494
827850
999244
612194
313591
459023
113139
209638
373259
9175
523683
900725
495577
477328
653109
236085
101065
239567
524030
876722
36284
729169
222313
915113
278509
305820
550768
874243
725892
288068
829943
288223
826487
87241
901893
829960
870685
803870
118175
827206
930897
907908
178819
318672
207679
994133
577534
363423
584142
860701
113514
899869
682794
517987
511368
111804
470957
436613
868469
51172
199273
299841
825932
22020
576468
563664
579801
203978
545425
848748
237237
918637
476375
922291
219587
741543
792896
279588
420933
641665
703408
487302
380060
819078
938592
252519
816602
198809
389126
844674
362245
428067
475939
225594
527211
71588
742952
318275
181277
991275
344518
205344
289865
514977
846225
702470
230840
620671
973392
652128
312032
548255
642403
319660
209639
409072
680721
612546
358709
446212
220718
227765
909620
516
450021
426130
702823
622467
51432
619269
414756
369583
376113
212252
74479
373732
237235
799459
730229
916122
531234
322925
700386
450367
262428
176820
128479
513056
373490
340312
529195
736640
899863
272707
247573
819403
512100
816878
553939
933348
110918
238972
463427
534107
539781
537796
39547
736634
502001
905964
803854
1790
216939
467632
21598
808035
547149
471618
462233
606809
58295
437388
61266
93714
214135
115473
326908
417533
326420
297009
189445
265997
853303
411467
566221
680754
960759
693821
837121
933417
113856
487559
487448
794287
154399
30093
258666
815377
344812
331643
803496
22047
795091
594371
208700
51326
771969
997121
897534
43549
720681
657536
744655
869440
272048
519638
712662
937784
99579
463914
16917
762739
477586
415190
118567
429231
425521
490407
501016
516042
215275
640641
856545
505462
650172
504032
99710
743304
383017
210233
870254
150639
528342
448575
394439
145793
103908
508161
134899
504049
827972
889776
184523
300893
844125
275455
16078
383364
765718
44835
465085
651093
672768
774906
557719
404322
684643
407304
360428
703092
266212
855644
876768
267384
863631
358289
140287
550230
162823
927792
848183
866466
990855
910387
718390
4011
185492
263972
999841
274865
726529
423012
979885
784885
788190
907272
893150
834920
554623
875550
619034
252997
638052
307917
122537
450426
930826
100058
557196
476353
100493
254663
472183
191374
771064
239190
885548
623585
157355
370987
303092
240315
661672
313231
368701
196077
350650
358929
737419
281355
530370
87303
24796
865088
808479
909362
372445
602939
782585
229567
216386
457479
466282
357226
649798
729721
56522
410429
228671
62658
407382
953846
390428
662821
49404
523143
377535
79362
904902
969783
258737
758928
741600
112358
582
497193
911688
569005
327438
178687
449041
921060
100533
935084
95699
754557
197752
526952
191922
867277
672004
430868
552970
248875
521325
771123
187380
937841
999687
963256
249912
745568
279653
407865
743631
821152
559340
286083
791699
426596
133970
948104
793925
353388
662137
695988
249146
891492
920098
81309
85668
866282
414991
105561
53817
753773
833722
524457
191106
958640
781675
20370
362370
745518
916858
168012
793345
736088
886753
346580
39220
36026
669949
19164
61578
440763
972513
523875
144661
335939
120791
208735
832147
38071
126516
959061
204825
451296
624087
786635
946651
804649
123390
11990
330394
475719
947588
916557
511402
508147
357051
993246
117855
966611
545250
18366
118292
591543
899459
839676
789975