477014
715432
788787
57063
475890
121368
690904
397570
16962
89742
422108
522518
845967
429202
522100
222048
740684
742800
678206
11832
134303
482160
807382
419966
472448
341012
45383
456355
655802
562285
669342
464977
485967
417530
584987
598456
649209
612895
288641
90294
126986
610590
146189
228450
192244
614644
302723
523126
289445
56018
924771
96918
532811
771446
622267
820801
167413
147942
537046
984915
452314
969033
731538
85108
450802
528674
638223
42721
606658
873
564227
740309
577909
671688
491307
143315
247782
978351
206428
910291
755643
510036
596792
396870
533995
932490
601403
594888
797471
245309
812469
431650
21558
900808
488466
600696
821091
885171
550421
538901