922442
515646
851479
231644
602955
326891
146251
434092
437204
658908
550271
936464
369567
672416
933666
371101
48530
930106
494951
512174
842302
336049
78174
324306
234688
237524
856350
269075
32202
665742
243871
154596
441020
192033
679204
641638
732140
804482
988501
478359
955397
468625
830122
145943
188299
778676
590788
850136
719036
482959
336214
911138
888978
840098
863232
619137
99430
879870
921340
561420
281454
620197
934449
195154
99751
118525
981349
286562
451726
719729
746768
102071
677575
486949
498891
863230
16161
867091
35047
313478
135921
264455
351771
921539
17434
924659
649045
504063
93167
763312
298609
800350
496559
334034
202631
680268
297583
389990
24351
246533