70480
168201
308740
383445
494831
161251
613118
947487
905976
844646
910835
240904
543944
203447
165221
458078
578410
933077
255652
991775
976928
842928
56676
615205
356611
44197
547945
801388
769409
933846
256798
653506
665414
66659
634949
592842
520310
225159
817417
515628
590166
257169
800304
773148
671306
750844
650732
906502
939513
731950
392784
237203
329357
262090
686240
892187
751638
631794
403841
468391
766414
165084
653519
363745
579383
276303
613774
188443
210337
126459
7928
490168
240455
108979
876660
956603
456601
463752
136296
795690
89109
876227
968549
549726
304078
996414
533121
843434
575375
352415
885762
503910
424729
880626
377398
790615
370055
136802
512672
434492