233555
572180
580557
825527
911729
489505
716228
418134
374937
252782
111323
140478
350882
508713
429478
42099
448714
568545
999755
147014
527762
932290
707377
779164
393606
267052
153751
950678
444250
205168
657089
73314
513008
659751
608460
221022
860151
236078
293219
437860
503341
884737
137546
850934
296708
132339
962904
882631
404835
707975
369538
853348
408899
875951
417041
243326
624314
305822
249205
195668
267285
283212
245748
315201
483677
846662
141691
822815
88252
928110
830101
466967
28218
999254
562617
20103
836192
308149
43773
850830
510845
795460
108649
164535
151046
284984
295527
575935
986264
706140
568726
440772
349914
94154
162557
6285
508862
595974
12060
545328