751064
156424
862057
324345
699242
373987
982197
238406
368819
215365
869180
14459
723706
164847
818992
545706
244114
730324
68343
488088
850866
802240
579340
990069
852709
823590
316548
655287
225688
359236
931691
238546
275921
274741
29773
904406
500031
892627
759504
768740
899116
76550
362814
990158
428878
354478
434593
313163
588477
873513
248647
405011
923776
808513
356773
180701
353536
426485
252888
490355
65246
205730
480966
394926
38048
681038
22819
395476
57862
192018
208400
849546
411643
935329
94877
565623
101799
491257
763887
587832
133409
998692
65789
125945
305282
351211
639604
916790
374677
209752
200443
666703
159530
323687
357969
251329
681482
114377
815826
781639
571140
188884
60696
283148
452646
608074
683901
578891
891336
95683
742719
564229
773186
142138
78717
417054
465021
947186
549214
735765
806887
264067
210833
656926
982912
753733
21358
387550
991249
67799
500795
243202
861501
830349
506635
265021
207664
696436
854082
73308
49908
715650
89011
266951
494498
397599
225962
870102
469045
707146
4165
686925
756538
807146
402301
343222
837156
679922
767554
573721
536764
423023
778949
690267
986933
311601
296143
100209
503581
746515
108174
652607
898608
955369
75825
974353
816775
371462
597416
427124
627821
434471
144846
839730
176786
157376
224931
157865
905625
915552
270386
41799
442636
1475
768017
710501
327407
233140
405959
909692
53426
214237
733064
682184
438656
13613
273051
449719
230836
719524
261660
510350
389547
247102
645854
718361
867124
933625
125672
882317
602724
89349
992992
566268
348871
649608
415878
352819
368496
348235
498135
839603
744242
560516
847122
183435
808871
760512
548630
597838
214189
343661
668650
22454
162097
562433
788759
979221
164899
510475
897136
585140
542153
371924
246514
226698
498480
822321
745990
194458
702780
478888
977123
482410
4193
956413
682128
639707
298282
840024
652871
445418
793719
55636
271477
403010
216772
56230
488030
851195
939811
928552
426206
120435
414860
484353
186442
430471
145291
20787
872693
342063
147479
342145
419983
480820
474371
183483
554151
815438
943118
696487
996881
63262
201365
998926
141730
391748
37031
631712
462872
47774
764025
380421
159127
895902
322288
148929
841294
199111
958364
342850
586680
134404
400005
610313
507071
860005
563613
307635
938170
199478
580820
143203
497751
714174
560843
54030
738516
724113
330784
748195
394919
696658
385256
602517
868286
685065
568379
371078
111649
198429
844712
404177
324787
295470
169481
848820
776791
477137
824370
737497
748014
879849
782787
534975
617855
8030
118301
420042
350960
206589
938609
661795
813617
904748
891828
71565
299000
192776
488623
98054
415974
868765
703218
339286
357129
338241
2792
753399
560699
101133
276998
317920
850855
428217
47902
737392
470891
380691
634832
179700
498137
273372
856479
287317
902040
340607
729761
361761
987176
115823
639760
323252
692355
560668
80511
624258
580574
386129
233766
232196
128207
354989
104158
193533
590792
862972
358440
863592
220161
802097
192103
655168
35188
569986
252526
259627
448642
772448
830068
19012
989683
54930
26532
18244
530651
705261
372497
561100
725783
212402
175943
721809
462583
575748
162812
158372
612406
203780
676646
742365
380068
135243
610790
165539
962148
887427
532898
648923
399313
401570
620784
916075
785596
340100
787181
928682
176913
244773
313390
551078
105176
729976
340366
962704
861015
602470
866343
4488
889620
261350
91100
637377
507959
560821
92818
542353
546510
705011
852606
489944
457259
955098
149209
673802
606504
223707
366961
361434
282699
359382
10393
62404
807172
797302
962369
910455
584211
96296
80480
29598
760198
862070
485517
246794
348256
554628
83949
79550
893782
469285
904391
801558
701427
57819
572532
661396
937691
535977
568626
672072
912172
486935
880343
739740
365952
212994
971618
688121
362767
10525
95021
256282
747314
693384
471807
470379
236098
675915
556414
274141
380831
96111
825537
67465
932620
10489
340419
513726
932024
126468
189044
292649
745048
860986
517546
920608
491951
804526
918326
609035
18479
919833
903697
875631
615673
2288
132980
907928
469633
712286
577286
1315
857357
725155
62576
625509
907356
265480
647885
645884
511075
349694
500093
41584
700850
119699
463577
228228
663414
574864
662848
273439
746199
786929
847248
624466
338626
45377
161137
59782
105345
184594
649739
414851
291909
534038
935703
485407
332102
759838
580115
768449
313537
304044
832015
424785
111840
334966
973669
375038
262328
910458
152262
702827
706860
621048
630062
615927
626862
293905
870713
454887
74854
757434
405456
314674
702379
935709
513916
669545
745262
43788
560283
177986
945334
533090
517423
153472
415365
497912
234131
853312
218586
945281
411274
613537
764688
639299
281776
103633
204580
423090
410578
284721
724756
427883
586265
272420
531042
384522
673505
400441
159543
201256
71080
204850
527973
643700
323297
202289
296773
588141
412840
189310
616767
953529
685521
662647
372072
770789
812569
52053
65478
572794
531262
30166
710638
750648
344234
707789
820430
402034
114442
294914
657479
49477
32062
567047
483186
837494
374441
665880
482564
99367
193447
953710
229388
800246
119326
898528
762137
179955
558702
287606
803256
908795
936578
208716
314138
677941
830984
657504
702933
375017
462013
503032
100161
745080
999777
463154
713923
679228
81290
992234
885990
17981
855253
80833
627237
551436
782071
569232
288965
616320
927409
357866
45855
357322
223074
918406
179579
533879
170870
625873
338392
475075
809980
239311
919945
505748
121814
473194
956217
974746
362954
628953
370191
807040
575157
813358
216172
142095
712670
717308
912017
783456
610024
971490
644062
803708
534690
83833
310134
603602
108921
997142
714494
285075
414413
775036
993667
869166
233760
747617
43771
951267
103531
562651
510947
941318
340683
406759
752904
72915
116440
779606
508066
534376
30934
244373
996570
268067
510917
597015
163437
824216
657107
594849
182568
776111
247282
953649
534419
518489
906307
906124
408810
769261
354609
140451
813446
316963
764955
106401
852635
746667
292649
97428
294618
151531
781120
493813
31287
192276
728144
29526
875909
123167
800906
319335
954301
311402
831535
487396
161949
645097
471748
355423
848493
565578
91170
464485
26780
793961
734762
753552
975689
415021
198101
758697
950047
387837
385641
191735
421208
703971
369095
788520
135586
793019
335009
866843
431966
968023
772426
391496
475269
845171
33318
284109
658405
279119
909888
937686
912458
547823
156794
213095
504120
634219
577887
768713
8723
494195
375829
662159
391137
893731
705582
294979
765416
128127
661213
624882
950514
532747
701125
683217
189423
618954
133805
560139
547961
942353
248144
866216
77938
652166
987922
913819
2953
814842
379340
3880
822044
269665
375304
872304
693560
618346
103688
736666
209787
450559
231809
34720
706010
233947
816485
185779
905279
403842
629022
240012
726667
304418
512726
827665
747833
888772
265523
792159
865762
476655
216800
10362
957981
836505