911197
922062
463999
643468
827188
496078
456950
504151
991950
208504
802919
558350
743743
334339
768010
646252
992620
793998
88431
60403
203167
922053
711967
269989
550521
493229
14242
408028
540999
78286
6874
699846
37997
524410
356301
937985
388542
200125
270400
691471
263342
46563
372030
15030
215967
291552
168696
593271
271319
447008
235334
787432
818131
907628
839564
419696
384565
847157
623991
573087
723160
179329
131559
940776
49156
78639
131879
943676
490493
125800
185303
737027
888182
558628
233899
845049
273891
375382
135116
769380
738284
369270
595932
710829
523645
903145
326231
619874
280442
715662
530197
56007
648848
745255
79403
32981
988391
872290
721649
959888
177075
425219
735327
42504
740010
369329
533777
473068
891152
297498
52650
884613
2733
863811
977492
543383
964449
619183
660837
328079
114766
906987
569117
632040
603251
592180
471948
370209
189337
375942
227665
468307
620837
472195
320380
576881
200846
352572
855893
813281
563305
103070
255094
398257
635552
201980
355411
352119
585026
533812
403802
817866
541940
898817
410741
599575
658948
17373
985773
710688
112158
63953
540712
328599
240919
976154
635219
269779
530727
588217
714459
794733
981428
514648
363028
353082
340681
873108
246653
768292
483941
783531
447707
936295
694192
537987
765185
310309
885257
619797
835249
693095
161274
303028
388701
402033
696397
827390
517638
310401
268280
531166
714694
655396
114547
700987
960872
939636
370986
609408
286773
463537
628814
787273
19338
637947
685446
594599
450148
568041
673796
292624
693822
142794
709682
76262
361425
704630
791050
611682
154298
159311
756997
127773
642042
41177
959083
892539
67031
983347
694601
182644
719647
961074
624705
861632
910284
717145
79099
879646
68163
343542
347258
188034
664823
818971
235209
676889
300715
151800
89875
634234
189780
662034
22674
628330
417628
612066
115360
585420
975427
579916
373033
459683
443616
556474
875842
150917
30726
898453
708690
733407
995841
227232
269934
788575
429184
213681
532547
237506
117900
669004
996076
384058
742326
228317
489124
477691
432848
2258
645589
75682
439185
686227
238799
844290
748316
377247
817108
999373
159066
929156
142352
175452
531971
943226
692390
114331
737020
111901
135333
229012
976667
508358
56153
958614
773766
662277
45054
803842
553977
516348
242576
483953
62182
859547
719422
297925
862646
101043
924412
572811
531118
742585
787575
778250
423021
921306
777764
807723
461649
719861
748594
893124
583098
931258
241822
190531
366118
705373
269348
468275
832955
852470
549075
757550
196260
984952
157178
943008
258835
779979
991038
602291
108772
525321
770573
235100
351266
897554
715053
33985
415714
587085
374894
964742
161229
64251
943678
54707
417788
452281
203739
296067
208316
790418
951395
999436
529968
85630
464519
696134
382102
388988
470302
730041
237282
789831
906902
749767
545606
834552
46725
259283
409619
645751
614365
7757
535801
120927
359934
744796
631978
159470
153062
351398
330525
324965
458243
905471
535791
703170
987817
836587
423843
931224
215007
428370
367562
481800
381268
538687
675134
26846
566959
713684
392200
396618
429508
909902
965922
215289
309474
95473
55510
410319
581961
778320
606405
215107
570169
463099
739715
262616
255845
768325
265696
267508
348615
749744
297922
543839
682125
122167
414445
205849
499633
280824
415461
859415
214694
572797
569579
770076
694702
772198
779042
672945
555528
334132
622677
625665
652487
791028
365650
523859
707646
168198
787246
51876
787928
904585
899052
481184
663684
375333
808057
960829
697869
686900
714254
120756
330439
244685
15416
320349
519525
94191
285812
698215
276392
938951
17524
570353
847858
240350
769470
181319
468665
811298
828276
260348
126423
801039
907502
383776
248253
655482
855619
348638
123336
469178
577319
130165
393324
499315
805358
362961
557132
755712
994479
212357
100332
885181
18691
414503
655870
538542
149805
321033
655320
298895
678164
54735
587335
896120
169707
499378
903165
820013
798129
983056
830757
341952
267860
93613
96088
373859
726385
862922
540199
729614
254262
678688
648344
128585
44073
277369
757935
874775
179265
91436
564321
430783
187122
494387
853742
492472
889094
746730
307079
935216
108583
960038
781226
243897
866297
82480
717967
251088
56676
60381
517242
905676
730415
125003
593457
108448
66952
461370
189064
348236
912416
395076
488536
61990
659315
746490
419342
862849
36325
714333
561951
64951
379848
950
160729
848281
64442
919891
165205
769775
326444
516254
215049
591085
725629
687259
282362
780149
782084
748221
271310
553987
516077
81446
933951
505786
662138
111610
365292
238472
533675
246431
757898
528184
655353
13459
945719
336340
398203
988137
734511
479348
833132
974817
632663
131239
793668
153507
162615
693181
281730
271064
795973
302896
309067
742501
365084
486445
101036
416965
657740
304962
151612
351106
665482
138277
820509
33936
72008
437278
464417
58758
955744
202642
325768
948602
477929
843630
772584
707767
44652
183468
401702
220765
516529
609925
206048
492950
514994
605619
916141
937521
355057
859388
728284
551973
845746
469657
325890
301648
411307
543502
429247
59436
430334
731110
152956
31811
268276
790028
772268
587614
94774
93715
128226
890325
365559
372687
418636
60229
842114
404192
619408
303072
243035
142543
816065
772191
460885
121168
572478
144082
135792
722599
82407
556247
972524
277864
630205
273513
567726
557334
886101
299856
228878
533165
464505
680054
177467
350332
9692
409434
147020
933353
667639
321758
902307
839832
613572
999674
328896
686055
126934
155155
297952
940880
315859
957606
772815
597298
141712
851614
276305
86633
878471
50694
259433
671449
915063
705881
411652
842954
581912
471348
6853
897773
599674
363564
856430
659645
316473
617980
372327
572161
808031
545111
690670
953582
34454
124636
332380
542057
445768
963176
715280
278505
431189
678597
890938
72763
324656
490047
436550
940895
879127
307543
552994
483280
728685
516049
646126
372449
630901
399464
765888
107267
433325
327970
869584
865379
388933
725566
329223
759344
712570
529801
273631
449018
452116
725071
448694
679094
414456
601199
550261
170398
631082
960776
769943
705525
400099
688719
705177
395304
801931
729731
429501
695888
668500
296247
174906
451669
913971
288718
912835
786092
243259
150854
322034
210944
903255
585131
230225
343343
137123
374827
561669
300075
226920
684426
700824
841025
755954
562412
827681
634166
483984
119567
670098
98765
327080
373532
49118
532838
947060
945746
128645
963904
71325
549858
959741
228959
956146
365210
836734
388745
320453
751673
250923
71274
893218
634977
588184
967127
866989
641130
175612
940271
227671
393362
641652
125918
822716
472275
137649
849019
226653
737741
17856
425041
639157
216291
525492
394427
922042
190370
684274
707497
14385
623067
673113
619967
987630
129105
790028
509340
229031
664526
117533
987832
324916
485136
306775
837926
620902
114977
816232
693497
58561
127940
363433
767363
971415
991499
843212
841464
738306
637190