432586
272780
724983
436112
485405
887532
346648
2018
824775
236863
938082
869850
858170
30895
400314
264219
958538
347686
706635
295435
398008
412732
539302
72908
339373
411387
911107
919506
462402
798667
312485
955686
85628
454079
453532
500726
375765
930234
634980
454486
558197
972351
248235
959703
510720
281557
787632
512898
154696
944147
368455
804978
830947
124685
925753
298635
418328
884251
647240
161691
516787
301379
704079
86795
277496
817666
32136
992961
974708
700
385384
198614
416687
358205
56805
661743
711165
518443
991319
77626
237556
884683
440188
578631
696823
673772
421270
232128
624177
344051
94831
916167
134174
738500
837693
530474
376771
552010
283296
147717
243774
787556
433735
136757
307576
418349
721715
394612
999798
480869
704148
253398
409679
997185
657103
856543
476216
915787
888417
661439
987515
257015
546461
652843
285510
957764
422993
337048
756256
409099
309447
814934
860342
243432
158247
760840
671444
595650
112506
147964
177583
224120
968585
265771
502174
702697
265763
736910
363177
594464
197054
770970
766330
84827
792373
768410
584945
422454
338928
204392
959443
292281
518626
943304
991522
809979
977707
843873
380743
397808
674205
510553
380396
303766
622235
327116
841702
876409
265949
776424
879504
416670
949585
463080
648435
550482
778396
368874
102049
43663
683966
416431
285281
469575
419988
670959
798724
618640
804598
85271
361366
944109
565696
548000
417520
694773
519151
569229
857643
335843
999009
297537
156015
39673
999294
733306
194921
872145
627510
485230
211098
265409
636640
332672
304140
161194
702082
895775
963809
859933
64110
778812
678980
932843
483593
402853
599872
958280
268839
881539
556783
443355
249618
13548
720778
32421
921834
63078
619296
26955
832294
718841
284642
686593
508472
785072
308443
301589
982863
99820
494972
95766
20854
754532
930069
542303
724122
744316
283424
692227
234792
429441
770872
368534
563157
98879
241767
265238
148983
833343
676828
48245
941840
705505
456827
288644
90860
542290
210831
414077
842464
588009
521499
322029
155122
892323
646798
203388
799703
358521
804244
647899
534359
339868
755337
752328
880269
289741
325512
208129
571914
919194
471330
418115
256026
492856
812779
912573
776094
681274
409710
856214
978648
399148
466368
359768
977670
491214
875762
822135
842597
170224
226848
261122
847190
485223
593574
260005
263134
429993
982770
722904
323080
658250
306741
362600
145061
899988
33268
210912
455988
91644
487867
759508
808540
794695
691376
578377
730517
497785
770565
422916
595943
888693
519
267630
675979
754678
370644
954080
677294
949288
339497
345681
576659
32740
456153
856665
376407
143239
563546
914465
129232
756590
943866
627306
545871
805455
356591
431030
108037
400951
38155
627094
610114
503260
396238
667665
383064
652766
668886
974318
414238
270047
694705
317919
462225
290747
139155
15434
419796
444198
655715
508533
835416
264673
854639
208780
208150
872345
432192
289426
413113
724252
686409
650466
124570
566584
818873
970977
326499
352626
480112
652163
85908
277536
856333
820406
29668
748452
638630
195246
472191
518341
967953
256654
297774
98155
858271
612848
262869
159543
924649
156177
668181
733565
723586
136156
540562
196767
350924
594833
608463
913031
694438
415890
292660
169728
144131
923082
745586
900721
371158
350138
297341
464120
553641
215586
859896
570463
780557
600072
40111
700094
91756
62056
128637
389485
740794
924536
710158
867171
400458
156886
955839
146288
169213
64784
830434
239443
415829
639696
171741
974329
966055
810722
817969
499987
890991
434275
196569
605586
999998
630857
333257
475522
35534
537097
332885
867968
766454
724009
718003
980505
351672
888354
376665
35457
407288
350385
538688
716141
531400
861818
658635
560589
298014
187673
137024
167273
367975
758535
253172
715671
809396
607974
831494
778839
283986
537642
5697
292939
69177
718819
995749
714261
385050
876650
687104
318799
651867
57576
236597
958242
422367
201470
90334
272387
175550
181268
115342
413712
95188
303362
959215
689731
293877
408084
609610
831696
70846
545341
498214
233377
847111
594076
929223
134060
332852
559139
977815
172589
270571
647466
300003
221445
730016
811215
742524
62383
205067
646343
992830
495643
468347
530950
268525
611369
525636
525831
547706
913859
767700
252920
146662
248855
283940
399685
380030
545648
122442
464576
434500
995760
908906
629034
359342
712172
336077
694625
708167
336676
121418
367077
664180
957085
378848
930952
326418
489501
275110
121394
873594
616002
530457
676622
585958
166848
360533
445973
634477
696565
451167
205685
97834
358315
482015
878109
991163
347817
44075
896104
436389
23990
581502
799779
801877
714923
657607
920893
577985
701748
104286
49802
438893
121187
483729
18932
949322
604720
262173
456446
136121
667409
820152
719414
977581
437106
33931
201463
628718
704018
767613
115672
257209
727738
457067
845621
182788
384474
265075
767064
970656
247041
976432
359107
248632
158712
217664
441628
153590
510908
959680
334005
874565
580055
832345
791031
975281
295258
820660
848236
80618
636025
705801
850278
52199
931715
205013
722190
476518
227516
649130
209228
483410
581976
666208
319376
240894
470295
691881
556412
521486
597944
738946
118894
525174
544539
529350
309549
390041
518134
195357
782831
137747
217907
58321
927364
492754
706917
122433
283235
171935
628134
398190
720271
44603
331790
751602
822438
221860
850514
131729
276806
424183
212918
133288
76444
16111
455600
345346
806987
618443
176603
397194
937845
657422
290452
858458
466856
391584
537397
195506
437224
900050
452652
513156
789781
449407
650487
438955
894201
214414
830398
266236
34800
777171
99788
706101
427508
624277
413420
67091
696260
372138
695900
142335
64945
546495
261488
116840
300805
458292
196294
865836
628560
960484
773858
458223
71504
313026
906534
871695
28668
733214
418927
878510
744301
138183
213582
621870
372202
367755
92129
58171
309262
671322
633550
340609
343768
509129
63963
312063
886863
429810
610093
357939
188688
244280
479324
444981
842166
88936
985007
402976
634532
669563
905913
24874
580273
625720
230223
780053
76465
861750
765220
293118
764380
388607
232068
941331
843486
209873
915497
93922
64954
441406
322109
956876
44187
876659
374829
880920
356857
475733
13414
639460
336164
37319
304559
304822
151857
341512
788131
606512
468286
150906
115209
852002
856227
954301
364370
741306
775094
783162
202990
784470
856827
256188
558667
363386
98535
707064
557419
502173
261071
19821
154912
743326
354482
746854
273639
897812
942111
260765
843679
891458
676612
390650
314660
159466
520085
226552
901133
321976
792597
209065
652350
124383
657860
898704
698282
901057
389094
486444
767208
932296
506859
8596
694385
243794
291264
952637
777460
167241
43633
11865
693014
415760
534649
439514
956873
69785
736808
973844
856392
530515
855983
2753
74220
915265
308235
918110
990702
415462
212108
571698
74234
81884
619969
75822
453548
721349
444290
134512
127337
449496
775258
672930
820317