317293
336411
230349
212713
823225
33014
421003
506610
125465
884991
463683
811043
502633
257471
977685
57752
656849
985937
768839
706201
684100
484985
866136
452733
690594
139615
4277
196729
707006
583271
812037
949130
203257
329261
78559
328826
697357
140578
628187
420113
733158
884670
860614
561948
514858
834913
980335
506003
265114
914378
729758
42089
725520
734002
478820
844085
362920
546566
590606
409528
481212
939904
24307
505226
824391
361121
261293
745510
551083
992653
379748
893774
242765
791042
364806
475740
664478
338102
217427
641959
103669
378381
651668
353550
229784
385076
420075
694116
533594
221533
696198
212728
269790
238103
771757
430271
864185
597321
892027
446305
376630
951562
922090
624157
172019
412384
165895
689049
486696
55572
350340
482698
372744
415790
219244
245500
92927
828243
942321
215166
606556
714807
949025
360430
90121
298432
671287
888412
736373
847737
19918
87326
931154
318191
781937
905264
636090
202860
710989
412357
342509
649165
965704
39726
324213
256130
509034
761574
838314
607522
155001
883192
701778
357417
805732
410573
253152
832719
242581
793558
324893
508805
615785
48658
725860
721807
756028
928572
403527
309817
316957
357013
114704
533175
86625
601545
868001
79453
242259
984065
675709
784631
519049
699844
693791
435910
452242
302026
23496
434776
847499
564319
310423
251074
298257
923632
74128
20477
313104
929718
450943
314971
23738
803196
267509
424996
171924
654606
694449
293521
354346
844544
908507
167844
911971
753880
528681
938850
914415
352345
63140
999086
831772
290157
203909
743172
443784
664558
326009
748238
757553
727441
732484
869158
619816
57583
77121
5353
221284
439217
916104
849140
662643
592664
430952
376766
325516
143847
103507
609938
662719
221805
949657
734439
251085
952435
868557
88606
520468
715390
612676
360279
511011
789057
899003
151791
6828
650082
938456
848154
139479
594791
709129
492058
785459
57405
122569
772250
813831
716453
907841
507433
459655
134587
961675
605526
119586
23972
363281
651812
871160
997076
228180
992170
966313
269946
650249
60362
834441
789448
548445
747339
239215
472738
990490
987606
159277
115554
816226
525145
649862
456663
33724
282954
229751
422493
434894
824543
868790
274615
825962
138617
101861
168334
311452
295880
285232
167568
708298
696387
721494
296373
509584
133873
538712
643805
929084
856357
887228
647062
693027
336775
205502
740089
209566
811660
554900
827315
432869
128839
258717
788321
640965
590873
85541
757845
105281
799748
998871
597878
816387
825694
248064
210628
111293
539937
540604
101112
388065
467807
622271
942345
213817
835283
553730
46219
581987
700562
320455
561330
707949
725152
788299
314869
117001
317598
788808
787406
993133
887905
683300
618141
249034
351071
566841
687340
706982
247299
536962
702222
762904
787040
379102
139360
514848
671041
120836
898929
442272
737630
633092
852350
917755
345260
406582
370966
687177
581388
371009
451612
39092
889699
178249
632875
542194
921673
468150
716948
100063
770330
371038
246466
854709
75051
845390
564351
136939
356055
42618
237967
514088
855223
104254
281594
835043
617263
330832
433192
300313
138149
340293
633316
325673
661069
483644
921347
92495
925728
238123
631006
65019
748587
70660
420154
206925
93380
467523
304905
719280
501591
753751
164937
533456
155102
454186
627147
54265
314415
142543
629454
560142
261487
698055
603274
8994
404388
424624
483208
658166
208361
337099
928686
131984
93690
399400
351001
705076
751599
721904
8803
221249
302854
389391
160516
331563
41945
860220
200148
31441
900910
167270
853486
995579
572653
259645
33521
753713
318828
712282
448288
266426
219750
980619
623529
608240
238667
627903
554627
858364
522481
695050
161840
42100
659688
649622
736738
711310
985131
496807
30010
362687
920241
102153
749867
14580
836131
991256
393341
263788
77801
43820
955886
301872
244254
848479
88115
291056
264290
874748
40732
857788
438989
805509
906581
394779
27968
345313
946056
924812
3480
41824
542368
912406
262268
861869
573033
858254
331862
6735
109907
127589
940703
951259
761749
1323
543506
278138
647919
672164
127874
53011
745927
348805
924359
801876
758325
995852
710804
276002
972634
911929
98404
701659
86059
598380
789203
286724
14924
787612
742153
64212
758679
758833
789841
369436
732795
646015
580488
971729
862401
964384
638256
517176
257066
562285
556836
748
862005
689433
592998
50831
129469
139754
475412
522699
952830
26516
676794
454724
743096
819635
196992
337116
985772
168228
383428
338082
683971
676609
673923
801880
751502
652600
147696
799391
148648
963784
929127
186305
211704
387223
766267
528923
741523
621362
812139
90789
180670
880609
761588
437535
70993
565158
735936
586906
747510
765522
886588
906849
488401
956485
184583
131138
193018
285120
989958
947964
806949
326504
148180
782534
411107
680922
15959
751866
81857
699045
634862
327773
497038
612712
119750
562315
338683
230537
26508
610179
608986
639439
167484
821581
529673
23261
230040
648452
265384
273036
569909
53316
319173
486116
109551
752496
265753
65078
296637
142816
226476
875992
290591
996134
496659
274046
553844
731900
196826
688433
950120
120203
614524
220847
436874
282714
9167
488608
284155
784657
663229
995376
264706
441577
267564
355725
412093
672115
14335
185151
520114
968769
282294
477854
740228
235317
795697
326389
376577
218148
379090
228722
895448
386470
831615
5574
587368
484924
13767
811807
435827
63263
123740
494015
427441
794017
653950
106361
432769
596418
489913
761416
299643
134866
213700
813708
652960
969661
100363
561314
37107
448248
246983
862174
952033
825031
434056
595048
359771
745256
536724
868784
499780
710111
540266
212751
718726
195743
245599
705724
139903
649362
723946
472679
621017
405381
427771
715957
419832
733555
768261
836377
593356
780525
339485
722507
393094
863203
909498
411048
274535
510609
611740
829478
204851
453064
406858
555058
24389
561175
502452
589736
66556
177175
578358
32174
822675
276880
56189
30574
599375
368203
153348
115374
92305
371317
178744
668365
927755
205997
969722
81116
390287
339243
563714
797974
365123
776780
466401
936958
799217
857982
507423
110612
956923
952324
853122
772339
117163
859814
414064
518986
86185
266425
992684
227444
665478
449606
80572
467319
856948
860570
840043
79830
213016
245290
790955
310035
95864
818464
820498
142213
349647
838598
830917
281233
638272
712078
872818
872712
356199
346875
188151
775709
358730
841904
642208
930241
597806
166355
286413
16285
933318
660510
996722
589803
530439
115394
565945
109746
365143
71543
177538
623580
607907
504805
45578
681589
533199
231336
32361
645762
369801
489796
285621
845052
384695
546469
288901
306408
628046
917009
518352
791124
92100
482732
119987
4080
429725
455655
596497
201798
753762
508295
13460
655447
877809
112589
626194
628820
848365
991687
338060
367733
581717
375475
928592
115194
56498
242635
946558
235196
189866
140594
920999
849007
467763
415161
495057
230007
175009
628942
441943