384594
701356
831238
571507
102895
857083
17112
285742
497423
264110
830264
338264
500095
192313
737996
824344
128762
291916
367684
966301
458065
457916
575964
967320
52531
564291
612206
885962
475935
671838
839281
736119
568611
261844
888594
655034
223759
773527
126381
630642
246971
155267
962792
761690
722290
783811
44588
253879
319674
348883
657409
166314
743041
179488
138565
824805
698982
704971
81865
212346
209504
132428
896008
846671
859663
170483
993029
503150
355613
198538
466048
803449
410897
600791
486868
882363
552176
644030
740272
449369
208080
17474
639920
75623
877434
916716
851927
563478
174523
111876
558123
73932
623815
168188
964526
369292
832587
474733
535860
526100
660302
881720
421030
409734
654339
245071
733393
350974
464621
927244
654251
180738
616303
16062
663908
883799
772143
15429
57125
216496
872550
433107
19369
679234
382792
363410
723956
984819
813130
631012
349875
134384
571924
681734
958514
976669
847557
959566
874996
460136
420061
600339
951602
355255
541324
470763
368307
703359
798228
118031
947524
2294
204509
968347
621397
523424
438165
71730
356400
409478
386113
600063
443734
935494
318053
80662
281656
592707
833100
351160
207823
792508
91573
955573
60056
34811
10970
813100
382832
39780
265886
785262
54791
406637
316626
455425
484932
200428
815844
283264
780213
908747
227876
178592
133361
454809
206708
636045
325197
383803
753036
811443
752887
861248
871463
463768
1522
979922
324622
981094
649262
100615
147647
181255
382339
939415
466554
399529
575498
529193
699879
801185
936920
633990
226855
276331
861208
311791
257397
981583
802116
986249
168633
528608
624448
477686
824361
709727
778963
501888
361756
691388
530434
274223
958061
407100
156939
922490
997960
588790
482875
957978
653972
887799
677356
680313
830333
396677
255903
822218
859548
249153
190322
470514
518086
974885
332414
209443
289006
86317
4495
292618
627832
433043
801601
323678
655579
446770
195059
788761
876913
152524
743851
668356
591518
540199
152390
738282
712027
866514
298010
670190
611486
203013
335786
647225
105064
905638
819076
631179
910186
636200
164603
366387
818965
146830
265981
455962
406589
277902
338320
961337
375272
740432
450093
120747
366841
300821
802873
244828
763956
982197
980892
940769
768557
631809
799488
373218
908946
801287
364456
953202
999249
233971
93866
822655
771111
495378
285387
720805
567879
176690
634485
891101
832227
342566
981079
201554
180377
148518
886873
128020
827389
388370
921083
640613
871807
485463
17033
723377
671161
304554
873149
704347
128536
236082
602161
942835
313572
916930
935039
735747
916781
24132
424055
994505
497428
197553
669308
295486
990579
440892
991675
822101
231722
660367
783881
742783
338631
884332
202072
97131
606993
682294
448022
145548
119793
52937
859427
657170
56062
753603
73452
257210
681507
937190
303209
266113
1327
243478
812591
959476
805177
100668
730226
490851
621486
897421
142107
654131
495609
677029
800770
419667
360781
151821
763657
704967
266514
803228
704980
443680
14698
97849
36520
175884
237406
770494
894239
405833
907114
304184
298501
168949
528225
526283
873299
652034
9534
872306
764550
625093
860745
1317
984410
16173
782819
395347
373800
241936
48366
210574
590489
48161
786011
746119
279366
678270
701521
622830
590446
6438
889847
785531
92243
453128
653790
557195
117041
362998
765518
708130
206748
680185
416939
459087
143989
613502
753412
808109
753160
783405
399673
196869
185861
636250
494470
485201
93337
963348
127664
116060
43113
353883
964490
8965
173163
184432
933668
999906
318944
774660
699729
562496
413234
490898
232980
98185
226726
760136
475815
450943
240509
605536
51751
652516
69741
184782
738975
805884
787127
92690
567087
548010
557541
222509
373848
153143
14562
920432
989863
208690
852853
861103
147644
969649
589404
220245
944951
688181
303489
79249
201854
801964
297883
271471
43756
419727
311844
468737
443673
981996
943026
879355
376834
79422
460085
701279
9045
800184
930380
56525
868380
325153
530500
484860
600771
91864
117549
793350
101511
639481
363675
554525
426429
147288
23926
497883
78461
518122
976382
673016
544233
256644
653664
426581
164765
664059
112621
760181
38965
57258
448829
825483
505077
441681
994911
88749
338201
145178
258875
270504
500410
896248
857351
263534
194586
352616
695906
592171
242764
485273
582736
567094
676547
197608
350227
188898
662133
431108
512482
102387
457771
929969
101961
575021
780008
619944
229404
305160
702579
218011
768857
417345
708995
858197
464857
882250
164871
659392
402355
5858
507727
541313
421806
402623
766298
676286
480352
748455
232829
457919
88871
854685
455852
42162
209475
163321
738536
538952
603855
577425
762309
813182
913050
573715
223127
276214
613670
382389
334329
894531
220732
589443
527929
803076
895018
406615
490147
597543
6427
982951
695720
380559
52049
92728
708843
705616
45761
410545
531753
259799
520203
796746
199938
815527
978004
268707
261032
758590
804482
434481
101539
351894
583827
577939
285758
838663
192666
350403
121426
253129
557336
497831
881772
460120
324531
590087
842910
983344
131989
570202
170847
38200
948068
951225
488671
986683
953689
356405
64748
571217
4671
905668
409530
858396
60362
565270
616786
336942
478546
230534
410970
844232
949674
646316
438845
552253
155873
49295
465270
422902
264277
725687
739134
704654
272175
692321
876816
114397
390910
577676
581781
793683
465459
644977
841202
126330
455159
791119
383850
19357
930277
705316
303408
725703
460519
3000
371277
303524
868528
876818
436394
234245
666899
919246
967099
674175
931775
44231
209416
590898
397528
257134
39897
638503
188210
879676
598398
355731
192684
932996
179384
215737
769575
479777
426952
204971
306146
39759
441617
996272
607411
538134
445804
366529
528740
624353
494024
392814
822824
965293
845244
645790
776953
197213
254955
93555
618191
866410
564307
508492
601918
210743
160114
198756
180909
413570
876501
160727
3118
935095
209022
38533
802303
71199
509425
349583
599388
303349
263707
577279
557567
986905
672608
491652
756406
838238
93504
211290
151006
637054
347620
832520
33665
28973
860939
633347
154698
257162
894156
183600
902625
807794
831687
971655
764775
434735
352300
550675
521295
570126
123111
793238
519575
802574
89703
189577
988258
66548
988554
917376
317428
548412
148391
155756
199305
284778
657527
366523
833362
12862
973856
503898
574477
698501
251232
900954
285376
694796
516626
326768
417809
274544
136864
343062
161733
934481
502022
329296
592083
837669
675518
753545
682788
926632
801870
430236
54570
893233
208106
201326
102042
276960
961543
572152
331655
106420
944893
633378
947101
529785
936919
428555
668214
642846
104699
524965
714140
801125
980528
560062
338972
931187
981329
139865
620995
384647
127693
817082
773944
978183
642072
658369
911093
468342
350514
165102
251684
561347
92370
434435
537234
442938
273199
332679
389586
52381
245674
587110
69553
862478
306075
256246
105489
389859
768310
283796
123236
881500