481934
188369
481247
165570
770053
863580
932850
991739
485585
817543
698879
25365
383552
133399
497120
913084
76117
192395
755279
808597
811228
369541
601216
987704
601311
378835
240299
281932
863537
886234
99687
475838
430951
60958
440626
298590
753511
91568
951373
631894
721688
302773
757444
791559
92857
651790
505868
475457
897613
42665
129220
579679
903988
971236
430302
308029
158614
426009
878295
641496
191416
290762
180642
610112
14256
808938
515619
202492
411957
656518
906710
550458
723280
137166
431184
118193
258543
230468
855006
115733
298264
503936
335178
749558
349691
716829
735804
809398
802400
530244
903484
145061
873279
212243
648533
289659
466286
748713
873173
172209
981109
848401
848434
815356
503165
423752
512583
242215
627047
908396
77371
899083
487034
740164
730818
770286
677556
237222
993789
199158
667777
726921
199869
662088
1609
589735
989029
471554
532708
358094
659757
260305
124009
986884
612419
999983
11044
243605
540044
160316
572965
215675
794056
917432
426805
908072
565779
372507
591588
160626
825031
139537
531262
653403
422079
281237
563228
615036
653879
230313
624918
991694
882319
164271
988566
603093
951918
7656
320520
404330
883139
744774
528365
322339
89575
744559
610255
808353
770782
748497
142159
741749
561341
11996
509850
96495
79141
523169
396602
479493
830893
692485
38280
514397
442910
915297
346880
431863
170839
240570
824749
898362
613201
132376
387203
240346
791997
125573
476043
711394
804042
505699
628281
754147
734083
53610
162905
604281
561940
403006
348008
953718
120620
716777
230655
209198
650558
757498
728618
446879
321187
109817
418391
329274
286618
801221
815978
794770
432559
439436
599597
942752
747705
969063
70501
165553
128572
934352
346240
257005
85103
182401
368362
665924
632601
159658
615614
668534
83029
665101
217946
869823
968116
693690
335371
368030
800897
560866
88551
615489
463071
297755
7866
806671
755919
868335
479896
658129
564430
739105
567122
149502
539867
971261
357955
664097
439254
821083
997706
312809
762308
180912
15570
477133
617263
416912
194956
759002
261547
491972
925310
283610
767283
563779
654197
975010
556721
276049
115926
480761
954396
423281
156883
516320
712316
19080
468217
291267
449353
812176
973349
474170
679985
860021
893271
560636
62521
780048
834462
388641
19835
799293
627571
178257
462733
376859
180706
345038
821890
414111
474979
146268
925578
222229
813639
502985
543413
888629
602318
697436
573716
831966
457429
721950
283520
485745
250028
571327
43252
691597
932038
838503
74197
450658
445258
798235
833043
662516
775366
9799
786855
325550
947651
297134
268220
305312
28019
129003
689002
221143
438215
697314
990365
251608
306333
40777
181588
988920
126039
482445
174790
235803
285255
33634
675231
343751
108998
431210
263271
131620
218468
984769
411524
833106
141305
645091
45014
129063
362650
831610
88896
547396
585127
813768
989319
558611
870466
930222
293970
557663
400090
901079
253777
173967
428837
375300
392443
291584
111852
265076
625839
863294
154624
628847
536444
428383
773258
464751
331708
485949
647360
848428
384987
43086
778804
216131
47669
288418
224966
709954
351325
934136
748602
670162
934907
816060
940900
452737
221069
404961
737216
683308
800334
147991
586846
305285
514483
767977
327354
128391
781778
637750
544490
50035
283038
813770
726576
713413
517005
570713
460719
844536
708698
967191
500603
447923
553574
11383
990217
271951
248762
424446
221893
296837
29415
594178
883587
286009
354190
812740
248461
227485
306044
275367
866395
546051
410669
869389
23904
191428
861234
359309
908289
539142
574317
417426
574496
261356
581560
836563
219159
998112
460453
867562
730753
414646
506720
978836
236786
863165
273265
541316
449414
284455
27294
981476
975639
486418
955501
817641
171656
621170
153927
244049
69310
93277
552120
756476
441583
840947
516051
526500
253202
280424
357811
190907
950198
832624
251804
328864
18415
671366
796415
659645
774122
51160
251740
519615
388322
472658
283138
861427
115819
576517
191474
815482
578924
303412
17826
513064
622314
609275
499805
749823
578815
123293
913095
185731
525929
642920
184383
295354
588030
766215
328733
531906
289470
717732
428058
691534
329281
549879
596943
645951
18767
159664
636822
291419
646734
525501
4941
998828
143894
967224
407353
774455
498849
209137
821254
421144
537758
648979
132780
78903
96932
913525
691694
558377
115139
969791
606909
504613
621239
103095
766969
213664
454838
599399
458903
81800
110568
753709
662685
966426
210487
135967
80586
297825
103484
349272
955604
535244
884120
62692
812745
425770
30756
569412
134679
291076
984128
341534
593703
325783
976776
588996
847843
939692
386533
159007
402649
99094
615935
842679
936439
843656
122192
231138
95798
683536
187860
935496
768916
344948
736349
676430
420345
462503
461250
685543
374523
898216
406583
802739
445245
894584
656952
753810
249458
993334
499616
717002
140223
654168
212054
327761
238335
285384
537446
605367
581984
895385
152558
937970
316330
999972
837231
702728
646176
183171
552835
74451
561535
562665
531630
837876
496099
937181
983692
752023
629321
845457
867882
788318
550959
417827
655345
388780
274968
334191
435133
324881
734124
870543
497933
871117
772731
890096
352978
834115
303650
807762
362
665403
757190
32987
128870
628308
277886
926937
284231
620356
888653
236563
42248
989389
100748
549578
645845
248255
512423
866129
485529
783652
246910
73734
686837
985675
22891
14828
118540
807092
829539
662374
532347
418453
403701
690258
202470
308359
935600
60416
558510
718032
857442
772494
338686
623565
480954
957474
287429
425724
700303
710594
473790
680548
927097
425171
150250
199841
262429
818924
469024
153552
914951
610454
730938
383763
756208
381922
339377
259073
987806
994407
291203
104045
697707
464471
66832
226769
215965
78013
350149
361112
372
440854
844847
454149
357123
991241
628593
936451
671542
228675
333649
136201
139378
842291
270188
680745
823194
444383
141066
475830
263725
536738
757772
717200
381260
700546
637314
553614
79321
401586
436249
763398
755964
969505
137329
662331
122879
532604
172301
84772
648601
801223
79332
707925
88008
313683
249044
942605
687767
885085
807670
39067
955263
745283
671372
623981
467434
37476
348119
687286
478482
485266
817478
8187
415048
298230
506184
819515
125457
782337
510786
417401
51115
689099
551389
720551
955757
59210
262774
746096
533388
40751
485497
109794
9466
78880
676616
36471
889896
646030
696852
557183
680877
194804
241487
711531
381503
425323
879608
113272
6109
65131
15253
197173
996559
358050
249407
92147
183621
540202
118167
55753
370589
878763
87063
28225
603200
792909
733251
783651
592492
27671
921085
998555
426828
983017
925880
738185
216258
571026
426693
225766
40711
711951
62601
526606
735978
996193
863760
870894
712564
449098
189050
71562
17197
323747
907219
420843
409207
419485
928449
298020
657815
162642
933782
350720
932820
815623
874181
516938
217592
11585
724786
838329
245555
848448