941639
902543
855230
800907
613339
228833
542207
528720
987857
679192
259453
631257
937198
564451
959833
595696
867707
13253
517567
920087
147478
63171
632835
239485
167139
701353
79463
335900
570527
69364
970297
601394
872789
608095
978457
355097
145705
516941
212697
385221
893905
419407
259645
241306
119396
630995
196961
751144
625354
905770
527098
668420
323219
20852
219956
801796
775845
871210
242619
842966
69133
689096
188054
876093
720118
377813
780397
991849
267703
701584
734571
817587
565702
93241
512510
452018
621130
651385
145723
229052
697295
754991
309407
926589
370387
570327
709553
673709
522109
218841
899203
388977
440749
265260
489239
135248
446062
633765
285149
166544
100680
505440
823514
504429
863539
393545
563813
460405
824741
85384
824780
947587
892876
911175
136147
533141
866648
819489
824604
360396
396783
742696
896930
446401
711236
266323
931167
129855
641218
878850
139406
941280
738082
431600
312523
308103
643996
308148
399382
597047
48249
362100
601526
613134
107143
390374
744378
759266
565351
504260
717723
699191
226112
382028
806333
58457
391254
456497
914068
827164
402421
648737
711715
438638
349063
12980
35488
32022
477317
92398
724148
804875
59914
793073
677342
195635
826307
90050
222647
455031
880835
144118
332176
142847
234227
730744
651831
66319
492135
225274
717785
16957
868363
717494
717185
824974
284732
83936
35711
439853
555891
999722
5859
243015
579932
462835
45800
646854
128965
489037
358831
432551
829042
737897
409696
241018
216717
445602
834357
299574
14266
503714
571666
31670
769033
436469
174860
270740
870341
495784
808458
376544
535657
930269
803273
241150
223666
446318
207801
479513
768272
508284
544389
860616
812406
61843
788784
898235
419920
345275
882330
471777
780628
205534
130275
747354
763506
843217
308774
440340
200101
854529
221286
856900
986859
837563
120647
346243
595537
487383
196147
236547
135400
790530
271197
379884
572628
671463
964258
313751
678466
301882
197963
39270
291897
254945
933231
149438
660746
191102
912502
540770
552546
833309
952056
484909
424894
85943
432259
170731
791741
265825
4220
10517
787601
42644
152092
393064
922319
21977
904604
246945
95015
307025
442604
732375
246829
688350
205468
662964
75925
510578
624670
867089
972030
376242
317282
807918
885093
566022
249569
849419
569978
347520
709622
49381
53775
476774
403174
944848
611821
645406
195968
382829
76353
232181
106720
631625
313140
342795
805133
596691
904344
329503
20802
808567
790910
476979
487370
936155
12196
760924
391108
781493
378955
853864
132742
994183
393959
183339
78750
711416
974896
577064
862196
670288
395350
443481
431499
850960
432849
487452
446502
835308
649110
654074
779655
31526
899621
495828
994067
613448
340927
21484
696913
79358
636662
912461
59473
457806
65244
668248
55465
292276
742301
322349
413403
47838
27497
463666
449682
733248
829065
819843
423371
645525
697235
43382
149521
508404
506489
339017
239264
520587
960443
373995
543787
171770
286653
49123
31545
915534
25267
289249
383530
964504
666936
491168
897624
854697
176830
521140
312601
267245
710752
594421
385440
697570
384084
297416
423619
174451
30972
889095
361431
742453
402587
504204
321463
179197
86756
73695
250084
936667
527662
856505
387142
222968
669701
5365
370321
563976
429274
178898
383619
951467
548122
763047
869897
233254
6236
918564
264513
110520
552051
683008
488923
140764
946723
208452
127833
959835
339313
939892
46773
597130
53203
681365
33889
881063
993159
104608
916009
4940
709824
334209
937909
297742
595066
862284
467754
933109
171759
153853
972209
157271
939106
226858
834575
54099
148376
53767
876019
862439
124902
451798
435535
363951
351142
174889
733214
859323
777795
212693
767619
299851
687284
298165
792146
945193
982214
683672
359848
962787
968081
745288
699380
669924
956172
336312
791641
34351
719037
668617
365804
215223
141129
526137
617368
128029
979753
607144
207649
599942
547965
733128
814469
413784
695418
245985
442430
348498
24320
272575
291365
234886
630791
260921
28528
155379
15991
950174
223836
165187
727894
13693
537958
972509
528539
719441
343667
127016
760866
121927
891215
652830
800313
188782
658898
582536
36247
747194
648479
462107
614636
808117
46854
202863
513684
781187
561673
631640
554597
838800
920252
31395
540263
799704
143877
195567
719843
990866
36483
180005
249940
657530
916939
854869
469179
290810
774094
935278
701646
150196
526038
645914
899024
746286
265647
550260
330812
453403
806562
771495
441243
596354
178973
819300
692405
565069
408814
527679
792612
82736
701870
648807
349059
541172
115195
262464
880006
802591
47069
348127
542500
46722
118282
566881
389870
778719
437636
862952
994115
983284
591776
703091
8860
331689
392035
2649
470339
802513
299717
601506
459745
587680
345431
776450
157492
440426
568448
95539
128799
398356
939171
492462
405211
139737
508124
707653
39628
152763
75946
98592
657646
609092
360103
889106
701614
544951
86129
643223
294229
614744
401133
538796
465311
313365
919330
784971
128682
570064
176832
434818
982282
284106
64452
728623
199417
707565
762355
936538
623340
709109
4547
169903
161152
398333
310937
368470
728531
964450
186669
825969
584752
164310
461131
637105
69090
170307
967730
317718
883049
706841
361887
995969
269515
813238
901924
678007
802241
791601
482097
717172
80786
444227
84404
259753
876478
445331
682589
109397
399632
405725
835706
192507
624342
5374
447170
828741
550957
520798
189229
124597
876278
459706
650304
624324
663397
380813
376615
993369
89976
692826
864954
379559
782084
594137
374690
766435
436970
103931
105621
437537
533545
590876
982268
609162
63950
627909
271990
359420
222214
821978
730422
91838
239764
347942
559368
801054
920925
279809
607217
487402
191840
610140
595507
899975
138436
341097
634415
431665
804298
22953
743269
862863
933154
55507
395735
449714
522777
145438
127565
591978
71215
926252
461873
63749
862087
200147
166170
741
258615
352392
38886
328701
871167
522090
861952
389416
652695
107049
553473
196901
185569
536913
117362
14387
416382
434167
164208
914565
604605
933566
874600
578851
752429
675846
338050
492637
322515
230322
142043
994988
892343
635861
644522
243174
128665
406649
331908
574557
380481
790091
95162
660630
935028
702886
394272
522657
594882
382458
837929
160858
105212
542873
621870
374074
275204
925790
837773
364378
934717
565626
954414
425670
424929
319964
191073
70266
547568
926396
509091
889148
314758
300293
568128
780309
240646
980061
650706
108205
462578
426706
286631
756418
734493
46242
328384
466885
617719
188071
37686
370385
642503
902173
886712
487752
300024
19026
894447
520844
181002
680681
729026
205079
566505
842314
940597
207992
82715
39081
17772
356139
477394
901234
169230
559123
382497
627854
595397
503894
942540
991637
700833
35093
91192
96144
389212
718215
71041
68009
688504
740849
762986
308722
437509
494020
116015
144526
818623
837906
369783
246784
255827
892910
772965
231438
404866
985504