248291
99935
797825
419757
981578
555644
910068
434434
607425
50717
57695
522302
814582
68113
883518
925546
231468
931522
26071
656879
393619
335430
206443
328311
961859
765269
747833
825008
118165
268245
553321
173359
757534
606994
975708
864177
216137
273673
866637
235900
930384
889379
196580
891940
663063
572415
606615
155817
868773
371688
403325
245246
783679
795878
261169
531748
851619
400752
300319
680949
111006
853503
309102
986941
551946
548413
241674
89603
256168
51420
749645
638501
627733
705028
819593
44641
276780
316260
34100
230960
6841
987754
435825
281804
272789
11725
32439
324307
589283
898695
121632
109316
212773
886369
206992
545062
93372
435878
241664
507399
545466
385913
28774
644898
566053
350339
421507
606362
742923
315652
551176
885539
31933
613771
755494
309824
660265
816513
207473
578598
481304
771103
10096
360128
499264
130431
797571
205068
22087
104784
412529
179874
251797
349732
709710
626261
377172
397924
521669
902194
326663
42275
766728
93861
857732
455439
546641
148540
724303
737540
350099
453635
315989
6010
405698
576141
432514
755359
309180
943060
618623
942656
360146
297208
811851
628000
126327
459171
519669
893931
135876
262798
208947
73668
140454
268956
938083
252283
850405
816100
409499
335386
163601
864588
384686
521630
102411
831888
911550
507331
543469
877986
381177
969593
718423
276204
905906
530482
400535
436657
698652
948189
488180
2577
994789
441389
938583
834667
717165
260882
384535
755933
347681
225929
4704
434087
961080
811599
882047
2797
899146
382961
715724
294491
689352
61631
656179
255395
767516
426270
24161
440481
385630
547849
327776
282927
196960
554320
814582
938806
153816
718427
715914
68341
10323
96178
706486
620679
523151
935377
16903
980856
228394
301899
717025
969025
509782
864924
310080
21022
186280
141193
502041
245710
107855
257206
203743
744359
61345
58756
859489
40403
674257
865380
603920
156843
567357
88701
941791
403950
710052
73974
452995
369245
587189
601504
744346
878135
238338
998275
612776
755980
179156
853956
846524
115840
283672
839343
766577
360351
259510
116519
160848
307863
853442
713767
323219
487766
639307
804980
492676
401409
18449
507297
488644
840397
309845
601534
189992
157118
358856
821215
182782
129402
496997
229636
521901
439433
998426
607402
144890
718380
503905
262701
384551
566103
402030
620696
518838
307916
780161
751371
22795
51540
129243
148872
227375
246429
961165
909082
48561
402155
448811
745570
97511
237628
963424
428863
60242
219325
183259
206553
793247
336738
613991
897354
588810
212326
115289
66602
591197
656095
695458
426230
595606
56892
486213
618524
375719
280415
54690
952294
866071
19409
35120
977216
358342
999654
757001
952872
527629
910766
868959
292145
850180
694229
833740
706675
933405
784856
615688
472338
947757
919972
780980
813994
88139
914893
862419
290068
266705
948135
405080
380824
256256
69381
835033
180335
250944
924556
882403
496371
253572
865458
821224
353125
877068
223129
236116
318106
52932
842050
913085
887876
260298
795119
216569
741401
671501
485082
761417
936930
233232
259531
471090
54754
500814
390362
332716
720673
712952
145089
707892
17108
949018
715613
241404
709994
719707
7233
407299
800373
672355
893111
884095
516467
574679
930196
160693
870393
485504
818231
74987
521339
876937
110622
849206
880186
779239
997540
433325
360458
326931
564315
866878
345727
856691
792706
783966
854260
718039
861411
570716
44599
886558
89932
183503
175828
942585
876199
49198
487741
863687
923769
641086
966995
137888
901491
12582
716947
220973
342968
99934
48672
320692
686636
258502
946920
486258
969909
508627
897014
973153
312466
121636
310484
682201
585300
394995
758299
323987
819964
445734
127577
268808
831795
443845
238813
325176
279328
978631
583905
430534
302122
969861
228373
545728
463754
830544
835332
800061
604619
927198
326309
93279
314337
117919
300736
607225
4963
646638
464507
77002
39975
512739
859841
360486
593401
844613
791694
301173
748343
123804
387353
253205
21324
986533
755741
142875
53959
592159
675462
401911
355607
756163
939061
898933
282853
501456
851504
649952
716878
596484
552361
202113
179132
615846
280809
126149
608288
938688
777305
306556
306638
796203
594157
784766
73524
494402
205357
120680
851064
245433
291042
823620
518510
313030
49049
574343
675507
504701
569302
880307
665257
784825
957657
206493
788879
385334
12934
791305
759867
295932
299763
906289
466295
304310
813523
883428
827766
898465
336249
555595
106545
177568
169100
683784
464867
134764
320390
457911
563741
657064
763816
267926
903686
774802
880958
108225
624883
74518
96074
727702
590239
572349
749456
380151
300423
23682
356221
827693
290533
303173
558645
770282
206854
39193
209976
526055
370570
305400
942512
566380
881080
394646
614617
582510
889275
372242
147981
707794
181373
793417
986155
75408
602783
309317
251171
979506
906130
977875
218785
476412
29973
36082
947028
199142
125707
101543
406618
13317
629624
940334
463306
339784
729176
564171
313629
732701
861404
404926
667065
901363
624194
6676
994268
493595
153679
603802
772130
79560
861740
471917
528818
607477
121051
379821
221195
68453
949780
363280
933351
801350
590016
314386
865673
734575
712529
203210
892456
23688
916092
744600
111096
810377
315348
488507
300497
43483
20100
162431
697150
550682
34537
716371
382565
144252
689930
90681
953486
861835
644789
789014
98513
219342
942199
728297
851296
857670
494647
894488
894639
886036
779439
404774
212860
920248
252616
509185
408190
199988
524626
997624
161838
639694
611677
118410
176300
207797
479286
60122
998736
633019
411329
813822
641166
211649
462384
600758
884165
948656
768413
331065
896292
137699
276682
103275
768505
551714
198770
478572
656600
544586
303627
89354
303844
135624
219995
367254
428093
540484
980148
442772
313926
522202
666638
110284
957073
20995
343039
135357
892266
648210
964249
4657
388029
488347
434912
293036
254436
341294
660454
239422
657617
5121
664581
787064
853909
914603
334393
284731
864458
108237
101016
214764
33251
185099
295982
941635
701454
681976
427257
278467
794435
353040
372478
621188
825389
674974
281414
461420
119601
87102
523960
497596
856287
358589
136404
13702
514164
769244
938633
535613
193609
237684
436212
296676
253020
425587
333751
391913
739258
190596
481265
252043
169029
406093
552543
959605
171367
552402
308367
250607
756628
505655
122428
771242
15413
248162
477899
340729
807030
747967
729441
488607
78189
382877
973407
688579
784549
642933
495931
665856
988551
65867
985276
926425
165988
20462
672785
784970
607458
4377
665871
689913
632000
419452
345478
476875
209479
979540
10046
283475
129615
680694
285587
486182
310955
845164
498474
489802
420658
64374
789455
233101
676843
554738
897069
218993
175188
325974
973545
361413
736783
391321
439579
471183
62378
920945
311081
534437
324425
766136
373698
500186
762354
730856
682164
781398
640885
802501
472235
127039
300982
824986
711303
558483
974168
163675
803096