25890
148981
472991
29276
398226
93962
73503
97531
62755
123816
812256
743661
358962
992340
460737
557732
15494
310319
768463
700499
68579
499169
379753
198881
641083
306722
802243
198410
950148
371685
468997
815315
600485
344801
902739
261864
653258
641085
94824
646355
375958
906007
518043
10139
858168
260593
291204
199607
577303
674040
677368
647469
638375
972594
78959
338316
641629
89924
847431
551362
473983
925662
563618
60507
305812
763524
630826
706391
197243
883129
158580
468454
614424
434762
570242
554818
795305
943796
319587
365801
687415
447091
10805
612598
467303
168
737675
399259
73200
129061
251945
922685
128935
323737
191404
761516
839157
481491
730439
489086
861931
678196
812583
418887
461868
217014
385400
614390
335944
839699
798273
277199
908394
488787
596843
34368
105191
656437
500383
414819
446838
85241
458124
382223
946367
487880
676744
272347
990604
798913
761230
541872
144092
973409
643750
623370
498262
529742
114658
504331
628379
356992
72068
869116
173236
830349
126461
998817
433643
352015
409744
713911
953397
152819
291029
58828
818828
369185
877978
300539
57179
426563
959076
240323
98643
878133
409235
690436
283739
168583
905699
499605
421796
571505
46799
841092
520538
626132
725648
423659
216246
91753
257859
611179
733360
952072
725800
852104
993042
692439
753926
39713
269096
895181
822189
925706
203412
637218
363411
638152
537214
178197
578272
260392
673320
352793
707461
984060
745375
943773
23687
997427
327821
915191
340762
67924
883372
405356
841384
200343
161045
805534
850865
384992
649782
256467
417164
791320
133602
461214
457099
917482
86147
404332
906044
413847
336682
48236
623948
75767
387591
422492
616071
902861
444148
653549
988794
131269
719275
273170
800570
169740
996313
277418
549885
718412
986122
104904
532325
751043
638723
158491
216285
346431
878318
871039
730268
648184
335984
786591
277383
86282
570391
835716
892787
295309
25199
450751
745480
729875
553844
222767
147201
246973
935201
117232
201999
744506
101671
793056
34653
606749
198393
885967
493103
271642
797444
652547
745188
930078
688380
240932
988506
468104
274450
750794
842992
16327
628033
921122
576998
927761
502088
556663
417121
191420
625394
323747
539980
830461
436305
98513
655768
132540
362377
440109
281827
281040
89864
701099
49846
783452
262803
141873
215721
141893
429628
315042
257761
644047
127664
783688
828282
952915
350316
539101
615359
852383
848592
957878
396182
429162
216268
18893
981497
137714
804087
248297
21599
889204
980606
783916
306233
691591
236665
119353
226264
181270
925849
236992
392875
327800
685822
35047
791462
651310
67237
284310
105151
947832
12095
29151
860626
588564
94172
920393
256037
832084
574662
998584
996869
871899
64043
81786
925455
495219
90482
360112
496779
160526
474286
377623
447922
246936
627696
984370
341072
232053
247990
275414
748740
742748
630978
552401
130597
511247
830342
461560
938751
137334
717691
388044
159163
278999
269457
707464
114972
44725
947649
626442
643622
685058
805950
85851
603545
599169
164681
539549
828763
503357
200228
477840
74483
754399
379166
738561
735089
36784
796941
903311
722732
333420
822874
927771
13860
260095
503094
238539
986565
201183
870379
508859
762445
101061
335053
693058
842308
533257
926991
741020
979370
817881
126642
17977
597615
873557
65687
970145
163356
403210
334134
481602
560719
716426
103847
513624
928291
699300
126750
653751
107118
124230
500788
72760
813860
838891
545312
522942
360408
676610
276868
514019
111907
476189
720612
554436
167325
996306
376049
427174
155720
833202
634691
264452
316301
493347
898598
20918
668382
335709
465675
316479
77434
555901
109088
804403
254863
550153
4538
772995
664889
705345
660589
282983
231081
35806
505470
567399
81953
522730
309872
817925
463899
366651
127802
751498
906121
270093
210394
115820
160376
471035
571267
361688
553870
195098
601394
852770
428914
780338
873247
394951
810762
829402
61198
157211
58207
882159
586884
20435
66974
915249
449047
21745
920760
67002
391327
728968
485608
743707
638601
541611
513812
613844
627530
130038
265293
617072
901935
87096
587313
918843
237779
232380
421744
385505
522731
593139
965355
737829
50747
358655
635576
640186
118379
673182
750658
990337
465140
867185
223822
955104
768245
785192
433112
547451
645026
521804
21916
930706
196763
548393
120176
266295
872027
771734
236430
443306
775175
627875
718064
433683
421350
715805
828372
168987
49712
141824
770975
946471
758335
286074
572766
713329
112994
603992
145127
596037
667793
881615
654046
268246
682682
102185
516819
346555
241914
601483
438089
388553
414567
491231
154002
781837
568842
784738
753941
264550
585706
551563
415986
55485
971971
150615
93116
292899
935126
416750
395173
569157
849498
770291
73528
110926
79568
485229
503039
786969
618356
451981
542596
584850
798287
887131
735605
481576
389545
667905
992160
941680
583324
130164
553822
710745
935812
267003
388877
41032
618899
136477
377270
486224
591617
816555
585229
28815
196960
651559
424150
57768
236749
492496
102692
45144
364675
104459
587708
192503
288393
391216
929177
130894
529932
630958
740233
173839
911559
872283
467637
356085
404574
801883
314622
142905
936395
423148
968386
609390
813103
479821
255869
165241
212106
208969
421324
501937
700550
829988
729293
287823
950574
45088
340707
663506
973564
52140
101910
608690
104399
679402
758807
190334
159483
134620
359840
195860
54523
585514
226234
349373
961089
198162
860952
204067
918958
55276
597665
781551
33053
725337
888331
513219
46106
425352
939683
247505
362033
428196
722025
878422
895776
344670
73815
727735
156910
993106
694466
220214
53013
597592
138202
284369
141914
719466
455436
477879
675966
70765
549510
348199
502093
320478
543450
103848
511059
915802
172220
862815
385518
17033
237094
617872
349887
543465
256987
167796
695802
203123
13639
318066
845085
223019
513093
581758
460990
243209
255227
864523
313532
918463
950112
184814
857111
573159
515998
94352
408860
805195
10643
794512
924217
846672
419697
134259
375983
951999
196612
298888
793700
219569
111955
634333
274840
851543
597664
773271
109808
251299
365003
298610
176942
340503
43283
458134
385410
679464
821627
668754
368249
329550
929419
274743
950420
886571
809005
132563
327924
549909
526712
497801
818608
197698
403531
939978
918409
218959
447823
48946
352821
672429
716638
47809
947095
419753
954690
357044
297488
295574
941461
768767
19567
828760
878152
507882
2948
480400
7040
138245
677778
18207
819803
67785
546914
509977
510545
638925
558132
465096
677237
158050
761361
571226
27929
459275
282300
520296
332369
878684
311239
814435
549009
29422
622145
334173
601008
271676
263181
854385
990029
424541
963150
654289
790480
166366
774718
992554
400458
326011
267806
238966
848438
338682
501831
907805
32865
114277
957536
256137
999781
689698
758569
537285
525841
816496
526515
983056
207909
803520
425458
468868
503736
989934
619243
931358
669884
744602
806151
284521
879130
768615