44001
663666
381309
196117
537541
338894
698975
880159
500327
897587
659830
606491
411384
863923
786876
525515
27247
258889
974072
658697
854070
726466
857844
946490
176884
963833
858135
915423
166328
964347
615134
681354
229439
888137
100411
898541
528290
594747
59146
250190
630303
713473
625580
1686
800193
948869
647426
52681
878127
499500
394504
668497
118159
96508
611787
738035
216725
797464
632776
501091
471340
629030
205795
836338
927295
328785
635457
270629
922404
591274
681602
448674
657701
332009
935198
407236
533613
959762
948507
383437
656204
391795
123176
443259
864359
62537
783770
475955
764095
661635
345536
237210
515420
478
68004
545155
962709
323503
49313
527682
796543
767295
393436
746783
120496
283280
864288
126950
138863
898942
534682
271772
226489
181185
336429
239500
69618
505231
687283
581311
44519
336798
564306
551241
465276
564103
968950
573888
920631
863046
714608
429704
145703
340638
594027
736458
529522
945050
97798
136131
764666
616557
431443
629432
915884
83003
152364
582152
900005
4337
170029
439258
292352
99854
218065
98676
68032
697605
128620
43821
554455
844027
505730
854267
426897
386987
474563
539622
860128
988009
684132
719838
709188
310788
745307
533991
826647
896324
571255
338738
605426
289106
415321
122056
494079
875319
289939
251167
360669
436925
241371
301839
599849
544434
468715
872862
14895
999242
480505
62199
142637
119268
775246
795386
971904
642149
467782
847981
746094
64065
215715
266063
197327
123800
406413
674957
257944
137404
748906
623438
659845
407057
501206
691049
990307
187406
390719
785142
664695
465440
602208
616514
951950
160237
861848
595484
603939
654645
284774
92812
263526
274005
808644
418404
938607
180774
122588
59630
395135
435650
363883
799044
450030
299814
274481
61567
216247
949555
429138
722055
402396
207055
588365
268362
94071
906408
310934
839368
16927
23577
518801
384714
745011
924325
679853
544562
132870
414048
881819
725870
176359
671468
560234
513159
872139
581857
874433
599766
347481
933638
91256
304981
291986
990588
144211
938003
708124
223419
849371
329985
24937
463027
265947
788970
417288
711828
846964
764672
889416
256937
382493
840849
652805
867423
838523
517849
979664
331428
499481
914032
552063
775083
724484
324708
245006
579403
379590
225825
467184
55815
447933
620941
8438
492713
861847
539952
146011
117383
739436
817617
860521
836519
342647
466780
234252
883647
235698
2494
406002
592789
724302
602515
278491
310981
487948
861943
706114
593441
78267
991929
809064
123058
151374
978670
164153
397213
91481
293921
166493
915937
464168
941032
216094
241085
452732
141394
880625
463470
152291
631292
86691
604630
671027
913859
614177
46457
252898
140243
832484
292832
733445
176734
135095
913760
112739
94249
458726
995509
499062
698560
149061
551047
99773
34506
106970
542799
376832
792375
34344
775251
934626
135893
360153
382669
184156
406274
12935
389162
435420
107900
65446
118446
469945
473620
235090
563380
318993
894210
602865
635603
670657
60689
929477
246557
244992
357243
653009
906049
34712
538255
35300
897872
724930
8782
286854
208924
783710
732310
394942
328316
888780
399414
97854
90925
601770
497312
935021
481107
873706
133692
278351
483101
486094
298009
90322
270214
366851
410814
616055
614519
997720
405023
956506
606217
131865
333547
248864
24233
622092
938306
99389
529045
48199
993220
44383
515714
756204
33221
167099
729376
552835
768476
418226
100277
859954
341851
527583
32550
631899
3545
466880
53141
518354
249322
824254
198435
587193
166832
251482
178390
22971
405899
693238
609622
880545
667243
615102
62930
18836
266183
197169
701632
368496
429478
641744
188289
582656
634651
97121
272290
406364
401870
751456
641471
418972
342644
258947
688578
6520
991776
537961
148937
252798
242803
632670
932134
857518
797872
720909
120511
63349
344874
209091
232598
889476
676126
324251
717988
389005
333149
17420
658782
108570
794146
753099
140185
934282
547650
565854
910217
299688
304897
939007
454053
841641
766592
166185
706855
315522
276884
82242
973167
14820
769011
177252
777863
635157
966664
756425
674817
872108
639014
32083
997309
540969
161560
519350
105223
896622
508311
115715
599901
505374
274453
469969
246669
489489
117622
802954
348413
388081
451678
655183
869061
166964
948709
481609
91382
128054
374631
552909
290430
42994
449657
295915
655203
410909
526902
184724
67885
973151
210167
855141
809825
324398
48608
179156
37287
169033
383191
408374
956365
775887
118032
191658
781476
851129
423108
843558
586760
699642
375104
986780
273918
186546
972954
857224
336118
200201
257598
76441
313519
245806
907238
459705
267641
858988
487912
792891
901782
264870
720041
832160
302266
605743
372655
969862
221746
453576
610901
69742
225
725879
89687
220584
529764
879488
309325
125341
976983
936003
1333
697785
33329
712369
837289
649523
778059
652652
711087
29946
661310
360123
184303
712701
424809
29031
328959
789591
132690
708405
925787
51286
384548
230463
986800
365095
489878
886449
932311
770847
960428
794141
839455
494440
493015
842876
434563
761990
826296
485058
65146
810821
769219
641244
461678
297601
58494
170697
980036
137810
735207
367698
5594
989202
404661
983207
40719
500043
768823
636312
136507
578306
417177
374829
105663
916698
574534
828194
363576
774439
805095
951170
327053
70992
751816
466590
305064
473184
277916
974378
408514
4649
233367
147317
920790
71445
898809
351684
927671
973514
629355
576650
900349
895225
974721
105157
226267
879108
367392
531127
919564
714762
508985
762687
264300
952656
3315
906004
872419
293837
139111
176031
274428
902354
727365
468146
751380
278036
675988
680680
517165
696023
607638
173849
101794
320953
79625
183162
872885
999641
616714
129680
733636
136418
670357
931855
106907
633144
840295
574995
837474
138557
667332
42874
551863
149120
566741
538396
437527
56066
775145
973992
563893
196903
465116
693212
443181
188022
569877
517856
202130
40077
188136
815680
557155
203428
795485
95812
861981
564539
655624
923566
269866
981795
580247
208144
641719
774118
976874
616903
285987
220885
862556
38616
145811
675372
430881
206501
918306
701667
533448
505163
244214
936596
389471
963547
670958
35971
558709
723316
310775
768207
750138
786938
451646
840564
37443
401973
53375
622011
994922
813704
815676
759871
992851
963979
753738
846620
607177
379464
537733
806389
384198
538191
927588
835362
440017
27382
824743
665973
980226
494705
77229
122279
747425
423626
332386
590564
92653
696317
142357
176752
293496
875378
775399
764276
606319
579927
676191
200809
828920
937753
857947
841504
125876
967872
801570
169259
116772
588069
513876
671532
129319
564240
862658
671352
235425
266354
920666
671142
139576
613307
384187
68538
732024
122137
918951
780009
471638
184335
35734
671561
457426
363757
958055
309271
898869
314290
427698
968548
130042
194106
590136
937692
127561
962981
104764
863732
893022
709383
994027
642928
93129
296709
122486
267342
861262
853330
664961