41010
570511
970690
100746
324887
496964
135087
33203
291398
778285
407039
137509
932823
491605
259553
63505
195468
149211
467000
205898
253102
613291
670737
215753
68116
781726
332333
409563
533509
659952
470333
126824
148981
872090
635692
613280
250412
36236
593238
781443
287748
922505
34070
192205
439313
242654
506236
637
627739
272512
827806
252993
789126
488001
568453
325440
795987
483887
443017
626627
301759
349577
992503
185857
491785
777119
697326
569797
378961
591109
824457
958910
300572
401395
358262
105379
591348
542396
480549
213185
707116
903529
202077
47202
320130
973426
984232
392923
863197
961432
274735
676595
971189
876578
868384
692971
470353
659506
547787
499631