223517
731245
787658
514501
459740
457027
407352
206182
497389
321896
127732
575019
68297
1310
779630
356582
845451
850402
931961
68637
121464
514950
299419
533174
543263
951020
615428
614270
49756
355489
438748
543829
176246
442515
539253
79418
636264
322224
538400
603247
10557
53405
2011
279753
528404
129424
483816
1430
669763
546955
542841
617514
987864
804726
724422
380424
855739
119191
206017
406122
707375
822832
213537
223150
805431
937077
904091
181725
922069
404328
54640
635096
722605
655827
303071
613473
315529
501153
344698
555331
303734
392794
129238
197407
651659
528186
975004
651349
565961
917868
13884
452811
157662
505896
705922
169245
959300
220390
849600
900065