684838
158646
407070
288228
340195
233282
886956
917284
791192
487812
914395
196667
623933
141612
740229
89586
254720
406835
785653
679956
439557
365626
498812
773147
329550
801151
657760
618105
157622
47034
564916
917444
309080
890522
712707
273598
850637
744279
616870
389056
246225
879092
902453
905027
1031
906899
123930
560779
338003
910196
130241
332145
734693
780492
402220
18955
927190
625918
542050
251642
928490
780280
667207
613583
822262
155309
226695
866266
911899
455722
770924
704209
932912
27607
992080
812826
333438
274061
405932
589430
769828
635726
633166
288521
734107
172837
924265
76170
292948
407387
700870
142915
128574
156307
289625
796997
808995
738755
772654
741548