917383
167229
496811
181269
571491
834013
26562
404968
104331
301797
348585
134689
379078
390306
260884
276464
913716
652709
256798
639632
905455
352384
423930
262485
876749
300637
981568
438487
234945
599994
193129
541179
452065
338949
826454
422171
11970
917327
965066
967889
56255
31536
278521
400805
870745
727224
963256
889808
259064
955661
960339
148077
282384
589606
200893
794171
866591
10467
608034
754641
673426
304518
745625
35999
360967
94418
776181
615260
367022
265086
431163
100945
96520
165910
993581
936066
633489
705583
746821
400884
775355
27013
585789
363680
754127
696563
544651
908402
354744
915213
726251
10622
795291
867165
465684
80000
333790
186041
529612
409806