13845
440138
438463
1920
447744
738857
427877
347641
746949
370834
2705
12122
611413
588597
610874
222085
969210
471929
463776
867584
749056
887484
887937
948670
248368
146088
776229
907078
755383
439599
985364
254786
200102
152867
806440
918631
959507
465139
478397
41851
414684
403974
23556
28232
40780
478573
137847
334747
210709
36169
40871
836537
876477
601977
303025
933023
580566
668221
474639
142773
780773
692012
661898
307918
589413
690318
113229
736798
589860
846423
999509
359801
682954
385345
833093
388484
899321
296836
15895
976314
496464
483125
729068
161565
831818
912248
752195
716151
786692
566371
340040
919435
14492
478449
339844
936029
433909
29856
765811
333275