603697
236044
458467
618257
950311
756576
142332
363229
107591
601303
68676
145259
705840
874153
545407
619324
825251
949185
206364
385927
275746
707052
93672
122755
863796
363070
37603
9490
519622
438145
422192
790730
931180
723931
676005
773856
804100
699643
416195
331187
585979
96895
188031
748467
30441
81382
866879
661164
120920
774829
58016
424627
97954
719560
908788
988267
236344
223102
772169
592628
269631
805345
720932
583666
368020
759273
421389
551029
814385
822125
545028
56842
290471
190013
623761
333661
933387
5854
673465
63625
997293
149219
166157
319998
198403
97316
364892
507662
634789
489310
873672
453972
617010
294823
357238
861697
415760
66572
557727
94276