554873
859284
528719
401104
218115
44129
985958
263471
866340
169867
381561
891612
718388
729521
884558
670854
299534
922587
847757
536989
781201
503569
246220
501498
398400
930714
170502
465387
345673
45456
426859
520287
300579
663452
274065
652010
108496
319572
344648
988790
326082
904942
323787
471431
764122
499807
629265
864297
439243
748756
808771
627064
922205
688396
776457
235084
438862
754832
369086
864447
187603
155920
310594
703132
933820
195932
821485
198949
736245
701307
319328
68993
532904
522796
547000
196608
969664
761718
156956
895693
257737
195502
369974
379823
874355
811525
372095
296827
780341
914827
534258
958746
652623
22468
107682
921523
201447
929637
533543
198004
685077
926124
926964
452930
997562
208985
24644
131963
268619
420556
527347
271012
257196
285884
185705
444532
281527
306897
629297
254524
649051
937631
68328
374257
852257
329088
824464
646552
500554
792077
993220
373260
684693
858361
733510
382703
843293
192650
901556
215019
21150
651508
146394
184868
980824
798931
841632
369404
341900
689092
503780
780866
186531
542305
262051
842040
423918
97240
527056
559679
281288
527208
699847
850977
346648
397239
60891
350395
754355
765266
311051
922757
850014
125889
48148
341887
552305
74822
832992
807034
112918
904434
841820
591169
592497
354277
931879
164834
797466
862752
746726
374876
223813
219336
732404
11686
793987
703738
891959
579610
814049
514821
718734
68157
67438
283272
22630
251243
605595
147369
799340
961507
228090
29167
741788
547885
60777
189565
134712
373668
119752
89644
85845
299172
258277
917124
442127
127824
933369
227222
378781
93760
424972
739256
959999
821190
336563
227806
553556
932380
667002
618577
528712
404523
832860
30735
95594
762
635695
905536
800091
306865
186525
660816
635426
775305
293516
844781
367197
248211
104607
182431
630674
309153
536982
493566
418724
696085
341969
441493
667489
290116
764082
56722
898168
329414
546783
425190
509704
777436
730727
239871
472595
411775
803388
122015
946065
182913
141598
902681
340257
286306
176473
760808
491099
280242
924708
397932
219776
508317
890987
703426
494739
900952
617639
234622
936577
527015
128424
317832
438779
344264
149364
346896
906276
739967
448458
420911
875878
207359
412735
853276
785311
224498
281546
177735
594297
404261
838171
497749
726232
167059
409637
891385
839788
756173
544189
48043
856486
832131
650202
634312
600775
297457
800956
642246
802003
459496
167850
13906
24549
428727
409812
861832
691100
849207
866518
166670
541619
327088
219293
466446
919599
437355
320292
989390
914417
161429
457880
634029
371755
808205
375962
538748
251823
828235
787938
992054
945891
913452
321921
820894
44369
931294
993279
75316
773851
274980
799778
563923
710411
792134
742480
278442
182857
86809
461132
363156
80358
495014
452060
5847
173588
386234
664843
9590
95416
67338
351563
726835
843480
646528
564338
613157
439279
616806
125541
268657
283808
162926
474322
569256
666247
108699
872023
323005
417450
420240
740160
274209
303694
540851
611117
822461
19366
258238
512466
249675
633127
83426
607257
320018
467575
559639
188258
896380
855363
120005
673130
783893
99247
695432
386185
31714
953001
243236
390741
890140
563095
264261
929125
792712
553390
810993
500080
354484
750948
708620
700179
672272
149629
982855
73073
54694
854658
999847
254388
932471
826641
362541
437426
183860
398861
696167
610092
215061
191925
333843
330992
646426
451538
405227
626590
850844
911562
926482
590151
904783
507539
232793