857850
318375
548275
308920
483643
535416
838904
504104
281097
819033
796490
946819
704085
188070
299347
21989
704476
667931
773530
844431
271568
301514
212530
524148
4311
899064
862994
471712
705580
602517
284549
611078
950756
99223
263224
506340
807499
730802
295857
325205
586157
391798
342751
941683
788848
742276
188748
448614
434142
99374
494702
420046
835521
458731
371485
167049
477031
373299
481120
478305
389253
982077
220768
243669
137656
497619
540030
196162
416550
509070
481728
476398
535619
171636
794918
778290
74416
359402
68699
927745
552957
158039
737287
64793
796751
415192
417793
505092
198045
990425
913634
366091
512660
42390
655285
589816
504347
533039
207626
886791
700209
160417
430826
71529
688882
162855
65252
973620
619192
120172
457478
683242
747869
636779
782248
964835
901343
611109
185058
982042
794717
504126
827677
801234
40126
631989
450887
598627
719921
149246
937888
735461
927374
993982
416561
11127
722715
82338
689245
140461
940011
465757
447248
207892
844194
148220
661268
784674
226515
349479
115650
582783
306698
526390
35861
43754
733157
496813
169626
411658
938333
732310
230084
559186
237410
574649
464028
551695
890405
344059
406037
590609
146095
495953
869629
938931
413102
283615
343888
277833
339217
638001
217383
804838
375944
19476
980749
529991
26030
533778
671282
205728
743491
767433
948729
804224
147090
380071
153516
405795
410801
555909
309455
590228
991719
61084
860626
223421
809896
944936
28832
276045
652283
34711
887700
195140
655804
425838
373451
527198
952638
512761
760084
490841
101704
539949
222084
764965
413440
979484
548007
827368
783846
270675
82576
525547
498231
102035
762962
380708
737714
657451
601479
315104
360246
690094
92493
546701
181002
152022
786641
569377
604791
335861
712707
565419
939408
622292
894057
244980
706898
665450
378896
162449
134118
602170
31836
851528
913027
456970
976833
22045
13104
408379
32010
155576
540007
425610
797975
46068
473045
657826
721828
997958
223550
26715
854531
812168
179198
405139
336748
598305
993194
672807
322987
770643
644373
160911
139255
918177
107055
46996
82659
787419
504199
15086
554158
874759
445617
41406
691765
760558
188290
219556
827271
349120
854712
28158
697049
863845
368439
283710
365456
696545
111086
752423
537724
673634
690072
789540
881509
63465
603615
175685
944957
150227
303450
953942
719220
467971
320759
111390
836907
429102
886964
560177
73792
715139
22855
778994
443656
798965
831582
568105
965275
661734
836801
815805
353096
345521
292819
748622
583465
969428
267703
429553
539154
410233
393102
816841
779747
890271
921695
974782
451581
141930
893904
506397
434065
501443
584017
115468
638356
534445
931416
467048
701903
623142
882694
98045
640018
844662
791145
55009
571272
481111
273819
372269
406694
270720
192391
712025
464830
672912
721419
829491
752560
389268
829305
512636
683327
772149
531512
984543
699201
502913
755912
697551
296880
174420
29795
744444
884447
505570
666686
335985
827206
655972
185263
872525
120510
800157
630184
194460
954248
561992
209825
440209
244487
384416
133076
728290
121806
278731
13090
949184
980180
657764
430355
880562
17860
952804
678203
399117
937969
554092
202167
417746
895015
563569
344599
62116
509596
200068
968534
238628
407750
19261
711556
915627
236422
337603
357316
997283
902210
757051
268529
423682
881360
730187
534940
366308
651533
853258
916913
282693
474126
282630
811128
200728
483246
93680
859255
25798
959367
88232
700724
224518
627772
941345