156674
357199
368960
337178
732413
272889
656807
189167
707230
304555
498939
61889
862943
272048
260657
363704
148829
887737
864078
960963
784185
981776
966107
868709
955103
953591
340022
611811
590627
761821
405059
304969
258247
639740
283903
869396
140761
582226
467893
220543
98105
691833
136393
735661
61433
937445
952753
802159
141405
250106
308484
417459
869185
482056
452138
880266
454426
632484
685171
128724
895700
225956
922949
489034
59931
845942
778733
357672
957174
668125
264150
479861
249997
136201
686935
311344
468299
192339
641702
545305
929694
982738
380714
55961
757211
678044
291119
457871
826687
580381
323955
301111
639889
410701
520989
409337
657763
903505
328141
347020
902583
250928
430990
796677
255421
113264
953064
628224
125818
477389
127123
628073
611525
851925
144261
969192
342572
766307
231724
875623
444659
623349
31544
869825
323708
550572
678415
406408
516930
788769
639140
422515
844543
360031
47394
81378
829486
705344
774786
338704
160875
900647
237628
445780
273846
692119
663705
219220
286550
731630
657383
8006
113818
569154
275143
203748
459067
244951
644448
343340
243677
81529
903542
14033
509876
208380
633173
211713
441859
571598
969703
125012
766656
543926
999141
144910
206356
950123
872106
266897
149822
273299
444579
643618
507479
771735
666595
4374
832176
741343
615251
705176
479895
126831
362887
144026
505017
864157
299051
401942
876065
865902
635484
454464
829407
965645
59731
870026
428867
288935
719868
829715
219848
137830
192997
668781
965583
63431
419346
870793
478656
351450
325741
7106
662229
774486
215066
376514
418610
938198
230697
861845
703212
295284
778533
811336
654634
223744
14665
412413
568553
574814
503506
99214
356825
599993
46064
411932
980709
633256
133334
244915
79952
225499
477936
507995
936570
241921
480564
258174
199107
552250
26514
36465
764806
511668
690565
467297
920134
127780
889867
100379
247143
374947
541297
517623
403795
964771
399688
857890
629501
142092
780468
798855
457474
841143
362146
422042
773547
522054
373913
378881
712719
453790
951146
586654
922838
291330
880322
212093
663064
43789
656414
705751
490979
805643
126941
848641
164380
570421
750449
153716
76860
496520
338159
137145
422652
719809
53063
148337
386572
849079
791373
407998
543676
829908
75445
368594
884350
367793
73310
139154
526530
797518
805317
10278
912641
505579
215642
323808
591830
976005
366575
369990
156358
245104
786957
941118
371872
824909
380449
965845
883584
807401
598164
299179
360365
300467
266744
866687
809634
215959
799390
875091
974826
744891
436996
388220
366372
926869
486315
730184
316774
551911
163783
4619
958014
600600
141776
395400
655572
351024
89206
615481
541483
47536
933809
19964
687302
963148
934774
461914
445863
973318
179205
929524
382643
391784
25503
565196
309681
653086
38102
279277
418993
673070
854844
421944
459593
666388
879933
121997
626811
515070
94153
27474
10482
416224
735273
835427
693931
879413
471283
88150
626097
148884
102233
357993
511168
213739
632027
491339
187787
165914
12061
678915
799513
125870
369427
419905
779722
256120
402776
363776
143864
418313
571358
288660
993977
922445
925376
182037
291136
965186
118260
436520
228323
181779
701788
676007
792759
24981
211387
194476
975191
573341
396228
371903
502404
692603
384142
667097
827366
852184
377765
224597
105137
779560
46074
369522
956451
568587
655482
644615
408105
740678
177020
416900
983521
689432
254355
537120
198715
481980
47683
878436
805497
270139
657745
461268