233048
368353
367954
809497
590355
65696
115330
213461
215039
230908
838450
461802
266239
237275
946307
816136
348608
570957
222162
429748
769377
738308
821158
231567
834287
188019
142915
215233
701321
732033
112091
510594
964323
176426
882020
509061
975653
458995
887685
831361
367347
156488
319722
866141
817992
533939
506614
857271
746043
417979
62936
677137
734948
27287
829239
529496
741144
684813
583
744722
255055
777964
528381
200356
45991
912482
607839
642430
219394
496123
401716
15588
781322
496375
117147
246809
262932
474438
56120
421162
655778
798818
611849
101844
258115
312585
998935
509395
570069
670422
726983
168072
798699
964283
667472
109637
412553
481693
59207
215097
793804
116620
326741
217267
598567
913374
743627
611220
991815
643175
217868
356822
595480
519446
682920
618227
434209
93487
315786
921715
250251
87200
69447
192789
286975
118851
947030
241625
123820
908719
981343
749288
833512
920187
908524
660449
447150
326928
926140
23105
918150
960618
27510
865070
752002
850155
687355
300640
450980
583708
684820
205165
992029
557761
139787
927855
605488
816279
78997
230867
589621
408044
980652
861761
39802
892763
383419
914339
147716
165539
884403
773845
609331
313700
984507
116327
857795
635189
55492
341521
508143
244836
116666
921588
538864
503691
866390
462025
872931
165963
110480
72424
820808
834088
468658
426615
698086
473665
953672
917165
299597
757994
810100
192194
162675
933480
296158
46389
833728
522248
941960
792441
982693
597148
345727
997053
104807
633747
870637
500503
679226
374900
593804
579788
997448
161719
367605
908350
164881
352768
98390
611763
37804
350520
608642
670718
855595
582026
729251
424844
521884
158711
14346
601036
189356
729495
851175
961916
837415
150893
993108
507469
746714
252261
816843
888242
383450
993708
64825
508874
180573
674156
27434
967400
702725
811811
194339
650747
540669
355743
170894
617823
348284
253016
877904
45375
1255
373994
728247
513444
227795
714349
923983
259807
396456
5107
548052
72527
558369
804253
677825
419344
906415
904410
536391
744128
262461
996669
793369
438511
396623
814266
960484
623395
559236
275710
263644
947844
33018
712488
380594
77418
333520
185895
901473
521154
437574
943153
325416
326295
675521
889308
84498
755139
885420
656413
4465
127025
33400
699420
120297
430733
744323
340272
283688
768587
838550
287292
754355
672017
69641
460389
742812
208642
530433
163887
30800
159848
57946
89139
423628
804925
775647
602047
231344
693782
825590
661450
662636
455789
669785
233234
46039
753161
349503
726740
370270
711756
465689
758567
724953
513497
254008
937014
611449
990432
626379
817880
638494
805447
359942
18382
750725
997430
323103
680664
272223
943167
110834
762228
37436
504105
967877
344500
884646
694104
339557
478779
721227
524826
371119
583187
853458
259280
323947
27758
186062
691255
438418
831096
312656
400082
544688
251093
324822
310774
764900
894012
887010
85681
265029
374319
893926
370712
520863
426070
811803
99948
476251
441015
205169
211688
896124
599061
460769
337322
771462
34658
104286
551163
699257
905121
396777
957
290427
808477
974660
568816
214163
295935
947134
546977
660113
648400
59949
142255
541196
810828
163770
114747
591556
41439
733078
273771
188197
171135
355659
454747
502445
131365
268717
276322
492580
725289
751279
281468
681290
354297
293202
789081
738191
764725
524535
309825
111932
551850
298646
462178
115439
782378
835335
300024
895747
893508
606078
31895
915342
511974
312340
858968