669589
727594
835443
366005
154881
804551
728615
60736
921737
739180
382624
58465
725141
403054
893338
425388
413386
648469
645903
651101
776465
500023
343170
629450
268463
685363
603064
550439
242003
108935
623750
384054
608879
976271
960966
851529
240126
537627
276963
928949
669539
148779
738196
74069
217842
568841
483430
399800
363464
648963
133425
288616
828244
505348
897068
885272
205497
432719
561053
664681
87500
921815
156649
657241
396920
91581
741961
219464
390401
513830
293725
865704
15397
251832
385882
449985
999070
24498
421664
795231
297413
867750
781799
272281
822480
232531
591703
359998
232828
86115
413814
105693
416582
716029
627195
52081
111699
589576
939586
570151
591791
786942
473049
575886
437298
46184
567031
679578
896959
261051
315148
423765
326374
553039
400500
90019
396905
687096
511557
522352
949788
992387
531399
442616
532709
24015
632899
611634
469155
18693
114036
700314
594795
730421
946779
370906
218670
939406
729198
453332
612022
142266
507248
890702
448975
150420
675612
747579
676738
562055
272443
83106
981053
616260
873045
654061
729550
541983
514244
743888
350990
535495
557667
828308
781851
904544
721510
679807
89469
536959
695300
803170
288554
355329
740558
4287
965348
7816
458403
874516
558976
38483
888444
751369
561603
677177
180451
574833
591525
406466
148929
158080
23991
145058
374484
29194
820192
549459
90751
293428
804931
821326
734715
323193
45180
886757
132332
677531
198858
844928
874958
600228
38471
566578
1230
725655
512017
515319
845813
747832
738893
726732
478527
327541
348674
347819
440906
892528
194720
249762
84138
599786
338404
398543
245465
150157
49811
141434
171468
384085
332771
369231
188000
334301
448441
689142
17331
850882
633357
977681
712784
194038
537195
369617
476674
828451
130386
32822
349385
86201
395391
257697
179179
36182
979140
135703
527649
732945
4689
86868
511602
237027
38292
492937
741406
127603
30205
910965
993328
91901
845210
984283
519478
842398
989602
738597
137101
590654
943373
712021
494934
110298
533664
406116
762629
179693
11463
480313
429592
747322
626778
73287
236708
654393
184834
892739
140554
192411
64501
577921
396297
803772
455900
647146
405230
623077
626326
99612
968614
286010
228118
517342
948276
375238
195240
712766
821693
439905
847953
7114
536192
799676
734483
580839
922788
935049
407055
72401
737386
552329
266629
187503
775682
638707
77751
102098
412217
991678
191405
352074
640719
850828
214481
120549
86375
84403
41978
672453
221335
324648
260358
646749
517407
759690
68064
740744
302903
133897
688737
768133
776449
465713
226834
905299
114206
413271
92752
860645
83549
247646
130312
52291
38093
792998
634466
703293
427827
891986
846331
560652
440343
504181
580874
370822
411385
496473
879908
816253
146529
814699
836122
791414
2260
880774
179904
898433
253730
899674
894089
776570
703388
799993
136590
274522
367588
116862
358893
13498
741981
267226
111438
39462
246337
284860
386689
813530
675280
563740
258499
712284
127782
487781
451744
410805
58470
115133
303666
842253
385682
289906
194439
728802
404605
645442
237664
11877
288535
451015
241942
504625
911975
830077
221848
291368
796824
946674
703951
447788
850602
419273
575074
353655
71497
56170
895829
524056
930107
730569
313996
374795
165490
518546
430254
853619
565633
342958
619557
447542
710060
990069
922305
495861
522456
295152
696252
422631
359073
973897
342168
148881
643402
142482
925605
732260
155471
848494
35615
787442
432343
17760