993022
197420
19695
656564
502745
377799
108366
958429
452519
180249
818590
268851
968000
928787
157830
646771
941261
69592
72254
770624
433556
527564
355430
641608
54610
395093
461107
449942
7937
473650
752516
110452
208697
64820
37203
826043
805043
859548
347334
481721
612200
294355
576485
497405
309848
897984
156455
930625
40550
953098
211749
905205
464928
337514
62064
774436
105309
338923
314878
468421
850239
636545
517759
441760
792089
143491
877710
915995
887850
354119
519555
961249
367494
295897
360997
978350
826389
6359
98172
270265
429109
990124
217797
662461
811515
965415
319807
297446
16407
281207
719139
861781
523733
856901
791152
253008
639872
530734
622244
624521
820065
557340
188166
175305
548773
797568
723104
270841
310364
304942
528587
249165
562014
515668
923234
959053
550280
341656
544601
700034
679012
345038
479782
285881
797415
96083
969949
300022
115859
449161
266777
745849
693629
8175
213654
346598
224489
26587
204700
853779
878801
809687
470038
142195
107716
693526
672385
510553
342443
705233
837504
102188
5608
598595
73100
328678
561751
445757
813768
525448
999926
230758
346482
371678
595041
482515
530486
697002
576630
221695
401117
525040
428951
97575
979234
376733
187661
775877
509029
69269
95434
979174
530297
37208
415495
528874
555160
70736
450956
343320
988918
258169
421070
94683
573810
735213
909554
494813
962537
766347
71856
713727
793061
784195
796946
285938
793587
98625
470940
576565
732754
117172
828422
641067
124423
647354
865445
742872
947982
467434
973480
394296
506923
839421
65469
526012
297630
603225
118099
231138
688308
564092
728635
71855
965882
489602
393704
456972
415629
584786
578389
965307
565517
297899
319749
797812
783344
739911
337830
416032
14770
360105
154191
256113
119210
417416
630312
899164
296312
56088
894185
41012
646811
870577
385723
868004
49183
433566
674362
47241
769779
48069
759964
830314
702937
525870
637803
918997
701878
256177
521134
484503
511945
341568
652070
96151
606008
685007
356404
218639
39046
234076
824344
975144
854881
371166
393684
670450
994712
610126
503214
198717
977066
550412
463317
159958
41210
63408
421083
258145
28958
600878
653601
486544
797526
283301
356880
594813
890585
883972
871939
71722
215691
308121
814082
783826
887180
489016
627882
910315
787178
597124
221352
74811
891510
242845
757412
240020
641588
758630
394554
220014
118316
802737
820899
860319
47133
4426
912306
719097
113105
105181
696827
731200
218508
645764
84686
26630
333022
534385
375457
624421
682648
951029
773323
170649
81499
484842
934765
741048
935884
636867
798699
193742
430691
149934
384216
727321
113763
314915
332528
779550
242404
469837
960062
502758
990540
587089
469982
577368
63068
552575
707293
136436
576102
330516
52860
457513
376605
133929
164948
986708
816708
201916
989459
233943
763977
624026
666148
132177
740459
684261
28909
355839
738581
573895
777650
640623
145999
899508
787607
273052
825674
972053
625858
967211
494681
600086
176799
201409
375743
518413
195901
759423
707107
123525
950869
593179
36768
841447
28651
833500
187833
637188
282958
603825
47850
231810
908985
56943
620825
973344
444828
539878
718507
467559
730740
199774
409395
564335
43478
968627
102534
514955
204620
123466
711146
602002
494934
782255
399853
146315
528914
2061
861649
454708
841974
300425
664549
712367
8377
115771
595247
500042
602513
999689
375365
139753
111000
720674
917818
911186
401096
821780
40246
538197
146597
785355
162143
668118